   2.00218030227229       3.316866612330373E-002 -4.911875484428575E-026
  1.066287508369137E-025  5.599489767695843E-027 -4.258656964986512E-026
  5.492996255234949E-026 -1.377830830537962E-026 -5.276167933504485E-018
  4.438452643612534E-019 -1.561494972586562E-018  4.742254734104340E-018
  3.904821025392387E-018  4.395824975897618E-019 -6.945670167485263E-020
  1.422929320602186E-019 -4.127505869149689E-019 -3.112833267757001E-019
   1.02558628798687       1.298857348124282E-025 -5.428372769879244E-025
 -1.815196726596373E-025  2.053345188198614E-025  1.847827784389698E-025
  2.905521069258795E-025 -1.671478450240952E-016  2.125036258071589E-017
 -7.247360075195036E-017  2.151659579408132E-016  1.824210564289375E-016
  3.269034330648708E-017 -1.788933584601082E-018  9.220584743886804E-018
 -2.998038714395636E-017 -2.286368473110669E-017   2.02639863440241     
 -4.593264630645370E-015  8.817265789451924E-016 -1.954385991040965E-002
  2.218248878697635E-017 -3.366114729735791E-018  8.405368883914873E-024
 -3.361583128038877E-025  1.169510566616886E-023 -2.468793627407337E-023
 -1.029907457999505E-023 -7.606763516794520E-024  2.335483841929641E-025
 -9.246143792996814E-024  1.898746237891867E-023  7.584640267433986E-024
   2.02639863440241      -1.696997229528699E-015  2.217910065518733E-017
 -1.954385991040963E-002  7.750064461838142E-018  1.537146321273251E-023
 -1.550963648536927E-025  1.209900536880237E-023 -1.696253375086479E-023
 -9.690231224841771E-024 -1.116452803769941E-023  2.843433355651033E-025
 -1.094799497409308E-023  1.209430281623274E-023  7.345054502665853E-024
   2.02639863440241      -3.342397746889030E-018  7.763616992101618E-018
 -1.954385991040963E-002 -4.518040222247341E-024  1.264393953957766E-025
 -3.214649609891688E-024  7.944440359464510E-024  3.418389955778661E-025
  3.135199339761745E-024 -5.114796158848908E-025  2.338656954250653E-024
 -5.994591230496590E-024 -1.537062203507065E-025  1.999716237114422E-002
 -4.532734356961310E-017  9.985344507033378E-018  4.591338834892161E-024
 -1.070313829262518E-025  3.939875007638369E-024 -5.211092800505027E-024
 -2.515440931868115E-024 -6.438031722311413E-025  4.762839793398012E-026
 -9.553365604286155E-025  1.346622619818682E-024  6.715115318745677E-025
  1.999716237114421E-002 -1.740414624161700E-017  8.509096156937242E-026
 -4.160136869773528E-026  7.603415212391113E-025 -1.069882198690268E-024
 -1.624043167836721E-026 -3.210471039756097E-025  5.492996255234949E-026
 -3.940950113028346E-025  6.230103194571906E-025  1.179061081142559E-025
  1.999716237114421E-002  2.439153832389910E-024 -1.848897622027146E-025
  2.141864210682422E-024 -3.102808437009304E-024 -1.247271961222901E-024
 -3.195183141557832E-025  1.409576961514434E-026 -4.890045000468434E-025
  7.197683247857395E-025  3.953030657843402E-025   1.16011880307302     
 -6.025827078488178E-015 -3.364596071608019E-015  1.069997701985166E-015
  1.216801413982488E-014 -0.145489508763008       3.954852688629281E-016
  2.149706465844655E-016 -7.755324040986187E-017 -7.939649950227447E-016
   1.35835123701780      -6.868695076685758E-015  9.031910564533587E-015
  4.750704168729518E-015  3.954978783007883E-016 -0.177865262369069     
  4.497285175329028E-016 -5.877781980458340E-016 -3.108178530525440E-016
   1.35835123701780       4.215048233885463E-015  1.391120203653519E-014
  2.146744681253669E-016  4.498233861449287E-016 -0.177865262369069     
 -2.797906955960760E-016 -9.074512700466210E-016   1.16011880307302     
 -1.704079522374848E-014 -8.060584073135909E-017 -5.877661289637090E-016
 -2.797540083855332E-016 -0.145489508763008       1.117615008720623E-015
   1.35835123701779      -7.938430261196554E-016 -3.108347959949849E-016
 -9.074207378939941E-016  1.117757748179936E-015 -0.177865262369068     
  6.288548533428097E-003 -3.074961904039563E-017 -1.699118612868188E-017
  7.557641017135622E-018  6.223761406561810E-017  6.952976080588655E-003
 -3.506052686116533E-017  4.563349497641883E-017  2.423041836805025E-017
  6.952976080588644E-003  2.170727891524409E-017  7.011791005255623E-017
  6.288548533428096E-003 -8.836133260900743E-017  6.952976080588611E-003
   2.00217735923199       3.319326644542745E-002  3.798910241516991E-025
 -3.618915179919496E-025  6.436335353177854E-026  1.578481197120903E-025
 -7.237830359838992E-025 -4.249766179060742E-025 -6.855028537023067E-018
  4.438452643612534E-019 -1.564079063028611E-018  4.694809142173522E-018
  3.904833311319084E-018  5.937416800241920E-019 -6.945670167485263E-020
  1.422912977070186E-019 -4.072437874700128E-019 -3.112787766758369E-019
   1.02556282588627      -2.375793291573824E-024  2.481541837659083E-024
 -1.540164939308949E-025 -6.425241318487833E-025  2.171349107951698E-024
  1.552369851906319E-024 -1.489329673938194E-016  2.016616040823038E-017
 -7.312327519705046E-017  1.882773692198135E-016  1.824208006719784E-016
  3.258189406685977E-017 -1.802486111757151E-018  9.200241650801893E-018
 -2.634827116962490E-017 -2.289754998594867E-017   2.02639891872541     
 -4.593264638979951E-015  8.817401341730910E-016 -1.953835860358345E-002
  2.218237882905510E-017 -3.355754233990257E-018  1.955092462288969E-024
  3.062866189461331E-025  2.825584124990225E-024 -2.712425086674218E-024
 -1.350682288197973E-024 -2.374105893021367E-024  1.334632982596731E-025
 -4.056830234818785E-024  8.536553074498735E-024  3.167329600998178E-024
   2.02639891872541      -1.697010788103479E-015  2.218237882905510E-017
 -1.953835860358344E-002  7.749984561505710E-018 -3.968335508877973E-024
 -2.067951531382569E-025 -4.347097574413276E-024  3.772731370500538E-024
  3.055247848101473E-024 -4.090193663780062E-024  3.231174267785264E-026
 -2.698783388777091E-024  4.281752350589960E-024  2.237188238306560E-024
   2.02639891872541      -3.355767451301907E-018  7.763537087928807E-018
 -1.953835860358344E-002  5.211728849963497E-024 -1.322827509572925E-025
  5.556389926958745E-024 -8.449777363849899E-024 -3.034581186039184E-024
  6.172410449143776E-025 -1.125161159292898E-026 -1.678509558826247E-025
 -9.906639138918967E-025  2.980247948094110E-025  1.999741922471130E-002
 -4.532692498586526E-017  1.001245270335537E-017  4.010338202472108E-024
 -2.687572393958014E-025  2.217007519972886E-024 -8.060351283224165E-024
 -3.050824019382840E-024 -1.706198352899959E-024  8.083004848479548E-026
 -2.391107130988139E-024  4.832112486071044E-024  1.997307176709357E-024
  1.999741922471129E-002 -1.740415021009689E-017  5.349305187000066E-024
 -4.652890945610781E-025  5.536928453518446E-024 -6.813597721578609E-024
 -4.547223892207136E-024 -2.765749995117083E-024  9.047287949798740E-026
 -2.668032442660986E-024  3.118979989025904E-024  1.788635830162872E-024
  1.999741922471129E-002 -1.000494870545041E-025  2.113026312785493E-025
 -1.388953890836578E-024  3.713524124668006E-024  6.690502843964641E-025
  1.017591454850903E-024 -1.950331837679529E-027  2.998776694011676E-025
 -1.207617166568178E-024  1.047257394930979E-025   1.16015851697756     
 -6.024817182295434E-015 -3.364597167496521E-015  1.083875045432661E-015
  1.217083471527655E-014 -0.145482164887286       3.954443267106098E-016
  2.149638137436936E-016 -7.581853592379457E-017 -7.939038018624095E-016
   1.35837658143784      -6.871301438630287E-015  9.029926883331944E-015
  4.752414556287204E-015  3.954832787490525E-016 -0.177855647727565     
  4.496738389056672E-016 -5.877361031414939E-016 -3.108581856479288E-016
   1.35837658143784       4.214614904658298E-015  1.391293813758000E-014
  2.146270681095675E-016  4.497958117583488E-016 -0.177855647727565     
 -2.797026362045990E-016 -9.073927450143200E-016   1.16015851697756     
 -1.704095886789265E-014 -7.930480633583555E-017 -5.876987119411683E-016
 -2.797946862972569E-016 -0.145482164887285       1.117548832071605E-015
   1.35837658143783      -7.938851521115410E-016 -3.108310802345995E-016
 -9.073622247458649E-016  1.117695850707816E-015 -0.177855647727564     
  6.288022382780574E-003 -3.074408461309068E-017 -1.698990925583626E-017
  7.720272927330477E-018  6.223758984943801E-017  6.952287631922842E-003
 -3.506627245495837E-017  4.562425444004868E-017  2.422697685625359E-017
  6.952287631922838E-003  2.170494162227357E-017  7.010424620614537E-017
  6.288022382780576E-003 -8.835327309206795E-017  6.952287631922799E-003
