   1.11487979248430      -5.817689857133483E-002 -6.735129123850564E-025
  6.720842476993350E-025  1.076438871714001E-026 -2.150706455550867E-025
 -7.270142102516845E-026 -2.085312363109656E-025  9.047526316347444E-017
 -2.602085213965211E-018  2.307102251208038E-017 -5.997257266740195E-017
 -6.461145499822167E-017  6.101075785825935E-017 -1.843143693225358E-018
  1.344482706745813E-017 -4.137675705204686E-017 -3.356589580008447E-017
  1.271135053371307E-003  6.709426606856998E-025 -6.720842476993350E-025
  1.759763434350987E-025 -1.275779145968471E-026  1.534807777198001E-026
 -8.565419507977586E-028  2.904815295099306E-018 -1.558540622947913E-019
  1.209910748522493E-018 -3.683351679947445E-018 -3.045208490433413E-018
 -4.560156427081628E-019  5.082197683525802E-020 -1.355227588362962E-019
  5.521166824254332E-019  4.204352993442661E-019   1.02568435956780     
 -2.326854546286163E-015  4.756310005241470E-016 -2.818562355164564E-002
  3.200166015070314E-017 -6.515785793649161E-018  1.887807606975213E-023
 -3.507360950878386E-025  2.137477137478349E-023 -3.524479911942304E-023
 -1.069596383442285E-023  4.147836522388447E-024  9.096328752673670E-026
  2.407033708992213E-024 -1.985352410679783E-024 -1.249188574666491E-024
   1.02568435956780      -8.769124026714856E-016  3.200166015070314E-017
 -2.818562355164559E-002  1.202588196904552E-017 -4.097538803640083E-024
 -4.135903062765138E-025 -6.328573109229882E-024  6.243175128145621E-024
 -1.189839114005277E-024 -1.129603238981511E-024 -1.292469707114106E-025
  9.036145454994061E-025  6.689942520966493E-025 -9.519468057264517E-025
   1.02568435956780      -6.515785227268648E-018  1.201910582302424E-017
 -2.818562355164558E-002 -6.701575524129340E-024  1.833615354292505E-024
 -4.326630130862763E-024  6.405986211493014E-024 -7.424502987446654E-025
 -2.820171115443994E-024  8.300293295974491E-025 -3.549308615999126E-024
  5.649239186690407E-024  9.410376060787066E-025  2.119030450046163E-004
 -4.805274203064714E-019  9.952056896657802E-020 -1.893313554244349E-023
  6.573263678545111E-025 -1.736718021277494E-023  2.943874677309291E-023
  1.500089248814568E-023 -8.756713258638490E-025  7.153057775623185E-026
 -6.894777878748136E-025  1.045683683817484E-024  4.821022658876084E-025
  2.119030450046159E-004 -1.823775945650674E-019  6.793502172023709E-024
  9.305781891221561E-025  6.174304629020421E-024 -8.133887055445026E-024
 -1.157955735605737E-024  1.325870705298169E-025  5.008320115067160E-026
 -7.213209685747698E-026  6.286266415431796E-026  6.922182405145757E-026
  2.119030450046158E-004  8.085456490832799E-025  6.355142719431899E-025
  2.518799616949056E-025 -1.757098125015292E-024  2.727105499514493E-024
 -1.221950002014101E-025  3.777549085257008E-027 -6.792374836812653E-026
  7.639315964856023E-026  1.710450166803327E-025   1.90485770588770     
 -8.439210541204412E-015 -5.195726506404501E-015  2.795879836862114E-015
  1.715040073164137E-014  0.104641882926072      -1.450514964577066E-016
 -1.253665251642557E-016  9.678548154650198E-017  3.045106081151755E-016
   1.86932298769018      -9.546984231802873E-015  1.244363917559856E-014
  6.603282393592740E-015 -1.451778609883266E-016  6.101346029763806E-002
 -1.624823860387138E-016  2.133257236611574E-016  1.141438117402408E-016
   1.86932298769018       6.640687042251956E-015  1.942746493956410E-014
 -1.253889799376094E-016 -1.624823877734000E-016  6.101346029763793E-002
  1.448167070460691E-016  3.374511858833205E-016   1.90485770588770     
 -2.474680432540289E-014  9.767907023440663E-017  2.134018915182488E-016
  1.448840383937885E-016  0.104641882926072      -4.620275138852408E-016
   1.86932298769017       3.047371618348187E-016  1.141709165093033E-016
  3.373689803362770E-016 -4.620302764846081E-016  6.101346029763766E-002
  2.604902484880903E-002 -1.475389372589741E-016 -8.384984783005765E-017
  3.623623746271578E-017  2.849233052253695E-016  3.193314959280957E-002
 -1.658877943370343E-016  2.166674316736954E-016  1.159334295283736E-016
  3.193314959280953E-002  1.105893937554104E-016  3.313957578936739E-016
  2.604902484880902E-002 -4.026863953405773E-016  3.193314959280939E-002
   1.11484768851783      -5.818050982776699E-002 -5.106998713312562E-026
 -3.618915179919496E-025 -6.479799557591531E-025  9.599018572687084E-026
 -5.169878828456423E-026  1.773643234572958E-026  6.745017172221613E-004
 -2.602085213965211E-018  2.055989825337616E-017 -6.355100414364273E-017
 -6.286232227352283E-017 -1.908635749194098E-004 -1.951563910473908E-018
  1.354377618505574E-017 -3.768892323819810E-017 -3.357939923635679E-017
  1.271538826390399E-003 -5.480067335966732E-025  9.047287949798740E-025
 -5.715183145300955E-025  4.853817459735207E-027 -4.594325912007173E-027
  4.698811026008412E-027 -1.302357653873068E-003 -2.507217523872729E-019
  1.931593806843294E-018 -3.534195606355454E-018 -3.596725141156628E-018
 -4.219463777192033E-005  4.065758146820642E-020 -1.253532458603869E-019
  4.403177923413638E-019  4.062687210042016E-019   1.02561251598601     
 -2.326427258562132E-015  4.751995834617632E-016 -2.818304806159517E-002
  3.198813052373110E-017 -6.515804798719482E-018 -1.842258563393982E-023
 -2.428786625212612E-024 -1.563184916626354E-023  1.167917405062848E-023
  8.115468175453220E-024  2.234582567500595E-024  6.170985909819638E-025
  4.027919818679469E-025 -1.448405195825017E-024 -1.715933381080901E-025
   1.02570071893814      -8.756160345912473E-016  3.200845931446521E-017
 -2.818441293355775E-002  1.201912269011268E-017  4.259350699860874E-024
  2.067951531382569E-025 -5.801143142053396E-024 -2.679944260301094E-025
  4.515908661370454E-025 -1.490796913311660E-024 -1.654361225106055E-024
 -3.103323181012920E-025 -8.557041379021534E-025  1.779117054698455E-024
   1.02570071893814      -6.502248243228033E-018  1.199879490173362E-017
 -2.818441293355774E-002  2.001842242573393E-024 -6.740659188082406E-024
 -1.481714907203192E-024 -5.040679254221163E-024 -6.816573921171146E-024
  6.947424027532298E-024  1.785914345437201E-024  8.523911927507851E-024
 -6.485561009379963E-024 -4.558156830042175E-024  2.118887223570558E-004
 -4.808445578313166E-019  9.952061763506809E-020  6.364135333001688E-024
  1.318955477796794E-024  7.122917763552912E-024 -3.549110870425796E-024
 -2.431851923469730E-024  4.802850605596323E-025  2.118719235346032E-025
  5.911520223272274E-025 -8.733122216111068E-025 -6.726235295432671E-025
  2.118822972800804E-004 -1.823772444094670E-019 -1.997322809562066E-024
 -3.101927297073854E-025 -9.382971128634039E-025  2.160211006133814E-025
  3.997120412020491E-025  7.090483155310349E-025  1.583275391214780E-025
  4.258482059022887E-025 -7.672792725297172E-025 -5.528457653825523E-025
  2.118822972800804E-004 -3.836954524888289E-024 -2.213426184275568E-024
 -1.311610122989540E-024  6.127491093233294E-024  4.939635169807807E-024
 -9.671449568954096E-026 -4.619217739244071E-026 -1.159372861416037E-025
  1.218340107968850E-025  6.938296214428205E-026   1.90539209684772     
 -8.438742194975214E-015 -5.196248846412165E-015  2.712610425231565E-015
  1.714792115369769E-014  0.103553098827715      -1.459144868080028E-016
 -1.250660675947818E-016  9.375023999583505E-017  3.089915992776256E-016
   1.86928428966014      -9.546984441110039E-015  1.244371359049259E-014
  6.602793122176165E-015 -1.458609649136482E-016  6.128869139940064E-002
 -1.635240049247899E-016  2.141574560462944E-016  1.146957723354913E-016
   1.86928428966014       6.640554393866842E-015  1.942416248312206E-014
 -1.250669151242152E-016 -1.633652740635047E-016  6.128869139940050E-002
  1.452936361129579E-016  3.427071070806811E-016   1.90499610092578     
 -2.474225969777825E-014  9.388482514434403E-017  2.142407299729213E-016
  1.451606473654567E-016  0.103924895244999      -4.675314010251073E-016
   1.86888827970954       3.093434627122780E-016  1.148844696930500E-016
  3.427918072946697E-016 -4.676092153562236E-016  6.211502628372901E-002
  2.581116122284569E-002 -1.470337251817079E-016 -8.334457345788158E-017
  3.645515821168195E-017  2.868823292069414E-016  3.181452813825960E-002
 -1.652649289792639E-016  2.160871252230001E-016  1.158102058949426E-016
  3.181452813825954E-002  1.101639685186413E-016  3.333420726327773E-016
  2.619859916258770E-002 -4.059216531237977E-016  3.220203102232713E-002
   1.11484768851783      -5.818050982776699E-002  4.243136121128477E-026
  1.370017889540952E-024 -5.539934538920177E-025  4.892757457737452E-026
 -9.855081516745056E-026  3.804745789833932E-026 -3.372508586109753E-004
 -2.602085213965211E-018  2.438546906357079E-017  5.841356220104591E-004
 -6.549376068409374E-017  9.543178745977183E-005 -1.572093150103981E-018
  1.365468988528627E-017 -1.652927045374084E-004 -3.371952111460124E-017
  1.271538826390398E-003  2.005440481612321E-025 -1.033975765691285E-024
 -8.659284201625055E-026 -1.581660898040113E-026  2.140652952407738E-026
  4.955365064224188E-028  6.511788269365388E-004 -1.151964808265848E-019
  7.173120008006186E-019 -1.127874813067185E-003 -1.781784760143963E-018
  2.109731888595952E-005  5.759824041329242E-020 -1.500356825052774E-019
 -3.654162821396464E-005  4.480895102474094E-019   1.02570071893814     
 -2.326853778048458E-015  4.751990827096754E-016 -2.818441293355776E-002
  3.200162716483976E-017 -6.527653581413135E-018 -1.130243829502438E-023
 -1.125795061276217E-024 -1.640098403719479E-023  2.221967770158745E-023
  6.787511954719156E-024  8.722747836585229E-024 -6.900688367518429E-025
  1.019423413170758E-023 -1.622608441255496E-023 -7.912793865392041E-024
   1.02561251598601      -8.747435009762470E-016  3.202195595557386E-017
 -2.818304806159516E-002  1.203263583435493E-017  5.597111621262606E-024
  1.382942586612093E-024 -3.870904747982281E-025 -4.231638236019782E-025
 -9.630445156426261E-025  5.096070530174120E-024 -5.169878828456423E-026
  5.826627416376575E-024 -5.002536046367266E-024 -4.341291092273905E-024
   1.02570071893814      -6.527659962164272E-018  1.201230613768588E-017
 -2.818441293355774E-002 -2.541786555403959E-023  6.514032317895507E-025
 -2.183443940863861E-023  3.791489707753140E-023  2.029962961280850E-023
  1.107844722481099E-023 -5.269069986973029E-025  1.138651203798172E-023
 -1.805484848658944E-023 -8.031456885534340E-024  2.118822972800805E-004
 -4.808447085803299E-019  9.952046471419725E-020  7.002111272918074E-024
 -1.437289952232735E-026  1.115458866512937E-023 -1.338101686546699E-023
 -7.837789712501473E-024  5.135616434302846E-025  9.706065589065103E-026
  3.320809111391639E-025 -6.688987500265338E-025 -3.095125577564685E-027
  2.118887223570558E-004 -1.815303209524104E-019 -2.201060375297143E-024
 -3.101927297073854E-025  2.516986840557251E-024  1.214714379111544E-025
 -8.574030014689280E-025 -1.211894405178523E-024  5.169878828456423E-026
 -1.042736275315716E-024  1.698254150733222E-024  6.053080901198350E-025
  2.118822972800805E-004  1.305829552494332E-023 -2.422460339224410E-025
  1.130253957641429E-023 -2.121222489003726E-023 -1.029966677383616E-023
 -2.086229558816458E-026  5.733808144785736E-026 -7.943153928356321E-026
  3.562243231683372E-025  2.510201964303255E-025   1.90509509990627     
 -8.439046842129214E-015 -5.195109783594064E-015 -3.429425281894013E-004
  1.715084959789198E-014  0.103831946140678      -1.458687399713905E-016
 -1.259310754804923E-016  1.609925712019255E-004  3.054699630832148E-016
   1.86928428966015      -9.546711618032756E-015  1.244387307070552E-014
  6.603282559010736E-015 -1.458436466203281E-016  6.128869139940062E-002
 -1.635265843945013E-016  2.142306267536858E-016  1.145319659429433E-016
   1.86888827970955       6.639748948432558E-015  1.942582379750141E-014
 -1.258982602571462E-016 -1.634188568151733E-016  6.211502628372927E-002
  1.467351368566781E-016  3.397495779825726E-016   1.90529309786724     
 -2.474767980222523E-014  1.609925712019261E-004  2.141646111233592E-016
  1.466387023471235E-016  0.103646047932036      -4.625604726329170E-016
   1.86928428966013       3.053429321293548E-016  1.145330043495879E-016
  3.398612128480418E-016 -4.624667825450349E-016  6.128869139940023E-002
  2.610173967765219E-002 -1.468554419913889E-016 -8.427936144537934E-017
  3.355310982065327E-004  2.836175574854675E-016  3.181452813825960E-002
 -1.652924134940734E-016  2.160573785376455E-016  1.155246003247234E-016
  3.220203102232728E-002  1.109382777340759E-016  3.310315015997176E-016
  2.590802070778120E-002 -4.009424384358018E-016  3.181452813825941E-002
   1.11484768851783      -5.818050982776699E-002 -1.222073445429277E-025
 -1.033975765691285E-024 -1.917196573834925E-025  1.880198068963694E-025
 -1.357093192469811E-025  1.717711145986552E-026 -3.372508586109848E-004
 -3.469446951953614E-018  2.437455627143390E-017 -5.841356220105971E-004
 -6.721528259120542E-017  9.543178745977812E-005 -1.572093150103981E-018
  1.339276824487228E-017  1.652927045373272E-004 -3.372797999872478E-017
  1.271538826390399E-003  7.130267512035092E-025  6.720842476993350E-025
 -2.389058055679112E-025 -1.150039245067625E-027 -5.654554968624213E-027
 -2.280259082095774E-027  6.511788269365404E-004 -9.147955830346444E-020
  1.039575411330455E-018  1.127874813067177E-003 -3.858493106720908E-018
  2.109731888595956E-005  6.098637220230962E-020 -1.428364400940469E-019
  3.654162821396555E-005  4.068464436364746E-019   1.02570071893814     
 -2.326854872003984E-015  4.751981426127103E-016 -2.818441293355776E-002
  3.200163680992679E-017 -6.515790961461682E-018  8.111598695355925E-024
  2.084086179427225E-024  8.504989636629376E-024 -1.185823955020228E-023
 -1.287148725397913E-024  7.262475795426307E-024 -8.551999785315325E-025
  7.717389932558806E-024 -1.598316116825658E-023 -7.103127910248372E-024
   1.02570071893814      -8.756115261203877E-016  3.200163680992679E-017
 -2.818441293355774E-002  1.201908853543388E-017  1.236457026927356E-023
  8.271806125530277E-025  1.870350268930870E-023 -1.631376439808286E-023
 -1.473032705535018E-023  5.362270925317326E-024  3.618915179919496E-025
  3.321204935074161E-024 -8.144896241567630E-024 -1.654331518071790E-024
   1.02561251598601      -6.515787674980716E-018  1.200553603461220E-017
 -2.818304806159516E-002 -4.818286565774009E-025  1.047296981210943E-024
 -2.105581293761629E-024  5.911036417687061E-024  2.779649387338450E-024
 -4.294611653372269E-024 -1.385595777153632E-024 -4.946178526191817E-024
  6.540385066269528E-024  2.525743187863618E-024  2.118822972800806E-004
 -4.806326070598695E-019  9.973217996574302E-020 -5.211877045143359E-024
 -1.124580494124602E-024 -6.364662467023534E-024  1.028943220226697E-023
  1.628372509256600E-024  3.128663111566600E-025  4.667793421697088E-027
  4.368494234753962E-025 -6.746870644005474E-025 -3.075670952426381E-025
  2.118822972800804E-004 -1.823771022602572E-019 -3.860527789075009E-024
  4.135903062765138E-025 -3.859247855868286E-024  5.560960691709859E-024
  7.339675698768733E-024 -7.005650059667561E-025 -9.693522803355793E-026
 -8.196105950877353E-025  1.146805647251538E-024  5.327246383482930E-025
  2.118887223570557E-004 -6.736721463426072E-024  8.715588070411865E-025
 -5.450407894019094E-024  6.758301969580304E-024  2.840462661059837E-024
 -3.594157808982583E-025  3.026730771214686E-026 -4.344693733260843E-025
  5.497375977327728E-025  2.852610402565649E-025   1.90509509990627     
 -8.437122117313765E-015 -5.195425785001131E-015  3.429425281948196E-004
  1.715029854155971E-014  0.103831946140678      -1.478072663389815E-016
 -1.252915466240706E-016 -1.609925712017338E-004  3.056760037956400E-016
   1.86888827970955      -9.544756029350960E-015  1.244105557232096E-014
  6.601994522086059E-015 -1.479262768979138E-016  6.211502628372938E-002
 -1.653718257911596E-016  2.170589679918901E-016  1.155176810846292E-016
   1.86928428966014       6.640278656082256E-015  1.942729508285619E-014
 -1.253048980957140E-016 -1.654756593937186E-016  6.128869139940051E-002
  1.453465385996545E-016  3.390251972262774E-016   1.90529309786724     
 -2.474724249065818E-014 -1.609925712017336E-004  2.168989687207507E-016
  1.453994786825806E-016  0.103646047932036      -4.626033509454863E-016
   1.86928428966013       3.057918948035737E-016  1.154905760586077E-016
  3.393425781477931E-016 -4.625870668877921E-016  6.128869139940023E-002
  2.610173967765220E-002 -1.488015273811841E-016 -8.360420819893580E-017
 -3.355310982064621E-004  2.844276027858898E-016  3.220203102232733E-002
 -1.673437361581010E-016  2.186400404294982E-016  1.167553486864024E-016
  3.181452813825956E-002  1.103197381277850E-016  3.301513292971516E-016
  2.590802070778115E-002 -4.012122055267211E-016  3.181452813825940E-002
