   2.00218030227230       3.316866612331689E-002 -4.265637363775513E-026
  1.066287508369137E-025  5.599499193892056E-027 -4.258663822629507E-026
  5.492996255234949E-026 -1.377835402087508E-026 -6.746617129947824E-018
  4.438452643612534E-019 -1.576741565638633E-018  4.674492098337161E-018
  3.911597288975799E-018  5.208976605269498E-019 -6.606856988583543E-020
  1.422929320585351E-019 -4.343499270709871E-019 -3.214477221423235E-019
   1.02558628798683       3.108312355044074E-025 -5.169878828456423E-025
 -2.849173920583034E-025  1.277861824156866E-025  1.330839901544056E-025
  1.354556400557965E-025 -1.606426319891057E-016  2.125036258071589E-017
 -7.339517259854955E-017  2.086607449057982E-016  1.811200138219162E-016
  3.702715199642110E-017 -1.816038638913220E-018  9.207032216730157E-018
 -2.515568747638520E-017 -2.287046099468036E-017   2.02639863440240     
 -4.593264630645370E-015  8.817384374064538E-016 -1.954385991027018E-002
  2.218248878697280E-017 -3.366114729734925E-018  8.095213191292598E-024
 -3.878687063475317E-025  1.161754722118573E-023 -2.515324643544584E-023
 -1.040249295245259E-023 -7.296587302550612E-024  1.301557865562327E-025
 -9.194445319241089E-024  1.883237714949429E-023  7.636350601945890E-024
   2.02639863440240      -1.697010782055855E-015  2.217910065518378E-017
 -1.954385991027016E-002  7.736511934679604E-018  1.599181772478974E-023
  1.550963648536927E-025  1.230578036376471E-023 -1.675569733458314E-023
 -9.690206859111511E-024 -1.157810506682286E-023  1.809457589959748E-025
 -1.061194842371853E-023  1.209428511336200E-023  7.241648082351606E-024
   2.02639863440240      -3.342410981777409E-018  7.750064464942617E-018
 -1.954385991027015E-002 -4.311235831018691E-024 -1.574285867793281E-026
 -3.369772961085274E-024  7.479165299920900E-024  3.935382855014253E-025
  3.548785550031117E-024 -5.631738633144588E-025  2.131865467097288E-024
 -6.201390588260054E-024 -1.537031087218130E-025  1.999716237113844E-002
 -4.532734356960996E-017  9.985344507031542E-018  4.487886027303410E-024
 -1.070159911004269E-025  3.939877995795496E-024 -5.223985920131767E-024
 -2.515407312861732E-024 -6.438043398461958E-025  5.085877659136160E-026
 -9.614053589961041E-025  1.401554004479020E-024  6.521289151082356E-025
  1.999716237113842E-002 -1.740414624161419E-017  2.402283712919316E-025
 -4.240916226468159E-026  8.379097965830709E-025 -1.057012228110949E-024
 -6.797079251189754E-026 -3.210492256033531E-025  9.370405376577267E-026
 -3.908743356593003E-025  5.874702313485439E-025  1.211434824167342E-025
  1.999716237113841E-002  2.439141252462458E-024  3.321124638983556E-025
  2.129368467068714E-024 -3.154530868353618E-024 -1.247272485017980E-024
 -3.324444703961242E-025  2.701974634088343E-026 -4.954871594871510E-025
  7.068467137258174E-025  3.823883378014449E-025   1.16011880307559     
 -6.024830250576455E-015 -3.364812912042947E-015  1.059589361129370E-015
  1.217029096438750E-014 -0.145489508762961       3.954818490913706E-016
  2.149808109800693E-016 -7.690271910632443E-017 -7.939717712864994E-016
   1.35835123701877      -6.869562438423778E-015  9.030764497677971E-015
  4.752438892205437E-015  3.954810228413363E-016 -0.177865262368930     
  4.497014124786406E-016 -5.877060585904908E-016 -3.108314055797065E-016
   1.35835123701877       4.213313510409878E-015  1.391120203653581E-014
  2.146744681256600E-016  4.498233861448868E-016 -0.177865262368930     
 -2.798076362551246E-016 -9.074648225739832E-016   1.16011880307559     
 -1.704079522374879E-014 -7.626903204178995E-017 -5.877276471772978E-016
 -2.797878897035780E-016 -0.145489508762961       1.117617549819621E-015
   1.35835123701876      -7.938328617246208E-016 -3.108585129174373E-016
 -9.074207378941421E-016  1.117759442245907E-015 -0.177865262368929     
  6.288548533418150E-003 -3.074651119357126E-017 -1.699118612871410E-017
  7.584746071455104E-018  6.223676703269841E-017  6.952976080577580E-003
 -3.506042098204520E-017  4.563306440303921E-017  2.423041836804527E-017
  6.952976080577568E-003  2.170410254172093E-017  7.011621598668568E-017
  6.288548533418140E-003 -8.836090909255500E-017  6.952976080577536E-003
   2.00217735923195       3.319326644562738E-002  3.928157634814159E-025
 -3.618915179919496E-025  6.436341407454465E-026  2.095472425610528E-025
 -6.462348535570529E-025 -4.508257250689529E-025 -6.780489637665110E-018
  4.438452643612534E-019 -1.577631590186413E-018  4.620270242815705E-018
  3.911609574896866E-018  4.590634414097425E-019 -6.776263578034403E-020
  1.414442647602370E-019 -4.279960946763888E-019 -3.201726226212475E-019
   1.02556282588633      -2.375793249703538E-024  2.481541837659083E-024
 -1.540167131436650E-025 -9.527177141950468E-025  2.171349107951698E-024
  8.285859226861626E-025 -1.608591912911585E-016  2.125036258071589E-017
 -7.323169541430521E-017  2.507274143549767E-016  1.819871198030025E-016
  3.605134101881290E-017 -1.816038638913220E-018  9.207017914379365E-018
 -2.640248127824854E-017 -2.285689240448036E-017   2.02639891872542     
 -4.593264638979951E-015  8.817265816459345E-016 -1.953835860356477E-002
  2.218237882905472E-017 -3.365918629357204E-018  1.965900752903526E-024
  3.579845762212721E-025  2.851434403910217E-024 -2.679404706274162E-024
 -1.366839481736529E-024 -2.451658613771867E-024  8.176559058823884E-026
 -4.069755081133741E-024  8.549478243661284E-024  3.193181071737701E-024
   2.02639891872542      -1.697004011839900E-015  2.217899069726570E-017
 -1.953835860356476E-002  7.749984561505462E-018 -3.985301389808980E-024
  0.000000000000000E+000 -4.347097201373529E-024  3.785659022271858E-024
  3.055250352931960E-024 -3.676600475868535E-024  8.401053096241687E-026
 -2.802179997635689E-024  4.217125023054237E-024  2.263035664902484E-024
   2.02639891872542      -3.342201689255895E-018  7.749984560772436E-018
 -1.953835860356475E-002  5.263429224710727E-024 -1.710576149027484E-025
  5.685636175739043E-024 -8.449772558182135E-024 -3.189676045767356E-024
  9.274322922331670E-025  1.438457341246230E-025 -1.678494018352198E-025
 -8.614201173520419E-025  2.463261557693406E-025  1.999741922471132E-002
 -4.532692498586411E-017  1.001245270335448E-017  4.191288024283123E-024
 -2.687587626405499E-025  2.217007840693636E-024 -7.659686765135271E-024
 -3.102525496854158E-024 -1.680354823529452E-024  8.083083326311492E-026
 -2.315175396321076E-024  5.245706979678376E-024  1.984387410624017E-024
  1.999741922471130E-002 -1.740415021009581E-017  5.245903548444942E-024
 -6.720842476993350E-025  5.097485081999918E-024 -6.219056240324792E-024
 -4.340425319925500E-024 -2.739898508232615E-024  1.163222736402695E-025
 -2.558171331558637E-024  3.274073563556683E-024  1.814488593099858E-024
  1.999741922471130E-002  3.349192315994529E-027  6.071201517839363E-025
 -1.802547845031852E-024  3.610128965301730E-024  6.173511762494314E-025
  1.095137867793074E-024  9.054271295650412E-026  2.740281621122847E-025
 -1.207616896444344E-024  2.718610904697911E-026   1.16015851698064     
 -6.025860715099159E-015 -3.364597167496644E-015  1.094283386288567E-015
  1.216704000767301E-014 -0.145482164887282       3.954900450864596E-016
  2.149807544026518E-016 -7.646905722731381E-017 -7.938377332925482E-016
   1.35837658143909      -6.869566715154334E-015  9.031798371144382E-015
  4.753309023079529E-015  3.954478713863261E-016 -0.177855647727511     
  4.496738389056618E-016 -5.876453268935016E-016 -3.108175280664510E-016
   1.35837658143909       4.213855963137616E-015  1.391120341410439E-014
  2.146473969002750E-016  4.497958117583451E-016 -0.177855647727511     
 -2.796789192820588E-016 -9.073927450143005E-016   1.16015851698064     
 -1.704101307800136E-014 -8.038900850828639E-017 -5.876628434769482E-016
 -2.797438643204314E-016 -0.145482164887282       1.117548832071621E-015
   1.35837658143908      -7.938444945300617E-016 -3.108480208935468E-016
 -9.073622247458568E-016  1.117697544773734E-015 -0.177855647727510     
  6.288022382773825E-003 -3.074692301732533E-017 -1.698652112405496E-017
  7.530537547151402E-018  6.223166061881807E-017  6.952287631915294E-003
 -3.505780212548622E-017  4.562429361601692E-017  2.422951795509668E-017
  6.952287631915287E-003  2.169985942459521E-017  7.011102246972199E-017
  6.288022382773820E-003 -8.835327309207400E-017  6.952287631915252E-003
