   1.99189204150595       0.105821563842270      -1.178282642732668E-025
  3.515517603350368E-024  2.419408391558834E-024  1.648578697957604E-024
  1.395867283683234E-024  2.215513444088252E-024  0.191886726068755     
 -6.362182779819993E-024 -2.977850205190900E-023 -3.434558690097808E-023
 -1.470322898744847E-024  1.757758801675184E-024 -8.527252302345669E-025
   1.98404809136376      -4.497246931803610E-015  8.624845091222057E-016
  6.757996246685816E-002 -7.659304152614526E-017  1.449450956268264E-017
   1.98404809136376      -1.661068343463068E-015 -7.659304188803677E-017
  6.757996246685813E-002 -2.818036939510615E-017   1.98404809136376     
  1.449450933264816E-017 -2.818036917406975E-017  6.757996246685813E-002
  3.233477967453616E-003 -7.326967315852047E-018  1.198566656963306E-018
  3.233477967453613E-003 -2.580960804945245E-018  3.233477967453613E-003
  0.000000000000000E+000  0.000000000000000E+000  0.000000000000000E+000
  0.000000000000000E+000  0.000000000000000E+000  0.000000000000000E+000
  0.000000000000000E+000  0.000000000000000E+000  0.000000000000000E+000
  0.000000000000000E+000  0.000000000000000E+000  0.000000000000000E+000
  0.000000000000000E+000  0.000000000000000E+000  0.000000000000000E+000
  0.000000000000000E+000  0.000000000000000E+000  0.000000000000000E+000
  0.000000000000000E+000  0.000000000000000E+000  0.000000000000000E+000
  0.000000000000000E+000  0.000000000000000E+000  0.000000000000000E+000
  0.000000000000000E+000  0.000000000000000E+000  0.000000000000000E+000
  0.000000000000000E+000  0.000000000000000E+000  0.000000000000000E+000
  0.000000000000000E+000  0.000000000000000E+000  0.000000000000000E+000
  0.000000000000000E+000  0.000000000000000E+000  0.000000000000000E+000
  0.000000000000000E+000  0.000000000000000E+000  0.000000000000000E+000
  0.000000000000000E+000  0.000000000000000E+000  0.000000000000000E+000
  0.000000000000000E+000  0.000000000000000E+000  0.000000000000000E+000
  0.000000000000000E+000  0.000000000000000E+000  0.000000000000000E+000
  0.000000000000000E+000  0.000000000000000E+000  0.000000000000000E+000
  0.000000000000000E+000  0.000000000000000E+000  0.000000000000000E+000
  0.000000000000000E+000  0.000000000000000E+000  0.000000000000000E+000
  0.000000000000000E+000  0.000000000000000E+000  0.000000000000000E+000
  0.000000000000000E+000  0.000000000000000E+000  0.000000000000000E+000
  0.000000000000000E+000  0.000000000000000E+000  0.000000000000000E+000
  0.000000000000000E+000  0.000000000000000E+000  0.000000000000000E+000
  0.000000000000000E+000  0.000000000000000E+000  0.000000000000000E+000
  0.000000000000000E+000  0.000000000000000E+000  0.000000000000000E+000
  0.000000000000000E+000  0.000000000000000E+000  0.000000000000000E+000
  0.000000000000000E+000  0.000000000000000E+000  0.000000000000000E+000
  0.000000000000000E+000  0.000000000000000E+000  0.000000000000000E+000
  0.000000000000000E+000  0.000000000000000E+000  0.000000000000000E+000
  0.000000000000000E+000  0.000000000000000E+000  0.000000000000000E+000
  0.000000000000000E+000  0.000000000000000E+000  0.000000000000000E+000
  0.000000000000000E+000  0.000000000000000E+000  0.000000000000000E+000
  0.000000000000000E+000  0.000000000000000E+000  0.000000000000000E+000
  0.000000000000000E+000  0.000000000000000E+000  0.000000000000000E+000
  0.000000000000000E+000  0.000000000000000E+000  0.000000000000000E+000
  0.000000000000000E+000  0.000000000000000E+000  0.000000000000000E+000
  0.000000000000000E+000  0.000000000000000E+000  0.000000000000000E+000
  0.000000000000000E+000  0.000000000000000E+000  0.000000000000000E+000
  0.000000000000000E+000  0.000000000000000E+000  0.000000000000000E+000
  0.000000000000000E+000  0.000000000000000E+000  0.000000000000000E+000
  0.000000000000000E+000  0.000000000000000E+000  0.000000000000000E+000
  0.000000000000000E+000  0.000000000000000E+000  0.000000000000000E+000
  0.000000000000000E+000  0.000000000000000E+000  0.000000000000000E+000
  0.000000000000000E+000  0.000000000000000E+000  0.000000000000000E+000
  0.000000000000000E+000  0.000000000000000E+000  0.000000000000000E+000
   1.99181008500831       0.106543293267874      -4.230382284163405E-025
 -5.169878828456423E-026 -4.320773618015954E-025  1.649675276906593E-024
  5.169878828456423E-026  3.534915747095672E-025  0.191921450837629     
 -6.029302313039940E-024  6.203854594147708E-024  2.085954590882419E-024
  6.596110048612636E-025  8.788794008375919E-025  2.244155986542504E-025
   1.98404564188446      -4.497264570179689E-015  8.624833414410124E-016
  6.751770222022122E-002 -7.673654973418493E-017  1.448081648715801E-017
   1.98405630420433      -1.661082102679257E-015 -7.673654994098009E-017
  6.771460951425522E-002 -2.830044500064561E-017   1.98404564188446     
  1.448081691214134E-017 -2.830044492248271E-017  6.751770222022109E-002
  3.233266628317103E-003 -7.333728509647555E-018  1.198385473951950E-018
  3.236598603968392E-003 -2.585676209042706E-018  3.233266628317100E-003
  0.000000000000000E+000  0.000000000000000E+000  0.000000000000000E+000
  0.000000000000000E+000  0.000000000000000E+000  0.000000000000000E+000
  0.000000000000000E+000  0.000000000000000E+000  0.000000000000000E+000
  0.000000000000000E+000  0.000000000000000E+000  0.000000000000000E+000
  0.000000000000000E+000  0.000000000000000E+000  0.000000000000000E+000
  0.000000000000000E+000  0.000000000000000E+000  0.000000000000000E+000
  0.000000000000000E+000  0.000000000000000E+000  0.000000000000000E+000
  0.000000000000000E+000  0.000000000000000E+000  0.000000000000000E+000
  0.000000000000000E+000  0.000000000000000E+000  0.000000000000000E+000
  0.000000000000000E+000  0.000000000000000E+000  0.000000000000000E+000
  0.000000000000000E+000  0.000000000000000E+000  0.000000000000000E+000
  0.000000000000000E+000  0.000000000000000E+000  0.000000000000000E+000
  0.000000000000000E+000  0.000000000000000E+000  0.000000000000000E+000
  0.000000000000000E+000  0.000000000000000E+000  0.000000000000000E+000
  0.000000000000000E+000  0.000000000000000E+000  0.000000000000000E+000
  0.000000000000000E+000  0.000000000000000E+000  0.000000000000000E+000
  0.000000000000000E+000  0.000000000000000E+000  0.000000000000000E+000
  0.000000000000000E+000  0.000000000000000E+000  0.000000000000000E+000
  0.000000000000000E+000  0.000000000000000E+000  0.000000000000000E+000
  0.000000000000000E+000  0.000000000000000E+000  0.000000000000000E+000
  0.000000000000000E+000  0.000000000000000E+000  0.000000000000000E+000
  0.000000000000000E+000  0.000000000000000E+000  0.000000000000000E+000
  0.000000000000000E+000  0.000000000000000E+000  0.000000000000000E+000
  0.000000000000000E+000  0.000000000000000E+000  0.000000000000000E+000
  0.000000000000000E+000  0.000000000000000E+000  0.000000000000000E+000
  0.000000000000000E+000  0.000000000000000E+000  0.000000000000000E+000
  0.000000000000000E+000  0.000000000000000E+000  0.000000000000000E+000
  0.000000000000000E+000  0.000000000000000E+000  0.000000000000000E+000
  0.000000000000000E+000  0.000000000000000E+000  0.000000000000000E+000
  0.000000000000000E+000  0.000000000000000E+000  0.000000000000000E+000
  0.000000000000000E+000  0.000000000000000E+000  0.000000000000000E+000
  0.000000000000000E+000  0.000000000000000E+000  0.000000000000000E+000
  0.000000000000000E+000  0.000000000000000E+000  0.000000000000000E+000
  0.000000000000000E+000  0.000000000000000E+000  0.000000000000000E+000
  0.000000000000000E+000  0.000000000000000E+000  0.000000000000000E+000
  0.000000000000000E+000  0.000000000000000E+000  0.000000000000000E+000
  0.000000000000000E+000  0.000000000000000E+000  0.000000000000000E+000
  0.000000000000000E+000  0.000000000000000E+000  0.000000000000000E+000
  0.000000000000000E+000  0.000000000000000E+000  0.000000000000000E+000
  0.000000000000000E+000  0.000000000000000E+000  0.000000000000000E+000
  0.000000000000000E+000  0.000000000000000E+000  0.000000000000000E+000
  0.000000000000000E+000  0.000000000000000E+000  0.000000000000000E+000
  0.000000000000000E+000  0.000000000000000E+000  0.000000000000000E+000
  0.000000000000000E+000  0.000000000000000E+000  0.000000000000000E+000
  0.000000000000000E+000  0.000000000000000E+000  0.000000000000000E+000
   1.99181008500831       0.106543293267874      -3.896536411300617E-025
  1.550963648536927E-025 -2.586701915362748E-025 -5.189104547176106E-025
 -2.584939414228211E-025  1.183043632373087E-025  0.191921450837629     
  1.337071309395877E-024  5.376673981594680E-024  3.010058531009022E-024
  3.023358818654054E-025 -2.176195869353376E-024  8.168177361348057E-026
   1.98404564188446      -4.497241373312298E-015  8.624852659565201E-016
  6.751770222022122E-002 -7.652248371488583E-017  1.449730344696412E-017
   1.98404564188446      -1.661059351361847E-015 -7.652248341761780E-017
  6.751770222022112E-002 -2.809046364530691E-017   1.98405630420433     
  1.449730264298064E-017 -2.809046371351791E-017  6.771460951425523E-002
  3.233266628317103E-003 -7.326482296621749E-018  1.198931384742951E-018
  3.233266628317100E-003 -2.578572436009273E-018  3.236598603968391E-003
  0.000000000000000E+000  0.000000000000000E+000  0.000000000000000E+000
  0.000000000000000E+000  0.000000000000000E+000  0.000000000000000E+000
  0.000000000000000E+000  0.000000000000000E+000  0.000000000000000E+000
  0.000000000000000E+000  0.000000000000000E+000  0.000000000000000E+000
  0.000000000000000E+000  0.000000000000000E+000  0.000000000000000E+000
  0.000000000000000E+000  0.000000000000000E+000  0.000000000000000E+000
  0.000000000000000E+000  0.000000000000000E+000  0.000000000000000E+000
  0.000000000000000E+000  0.000000000000000E+000  0.000000000000000E+000
  0.000000000000000E+000  0.000000000000000E+000  0.000000000000000E+000
  0.000000000000000E+000  0.000000000000000E+000  0.000000000000000E+000
  0.000000000000000E+000  0.000000000000000E+000  0.000000000000000E+000
  0.000000000000000E+000  0.000000000000000E+000  0.000000000000000E+000
  0.000000000000000E+000  0.000000000000000E+000  0.000000000000000E+000
  0.000000000000000E+000  0.000000000000000E+000  0.000000000000000E+000
  0.000000000000000E+000  0.000000000000000E+000  0.000000000000000E+000
  0.000000000000000E+000  0.000000000000000E+000  0.000000000000000E+000
  0.000000000000000E+000  0.000000000000000E+000  0.000000000000000E+000
  0.000000000000000E+000  0.000000000000000E+000  0.000000000000000E+000
  0.000000000000000E+000  0.000000000000000E+000  0.000000000000000E+000
  0.000000000000000E+000  0.000000000000000E+000  0.000000000000000E+000
  0.000000000000000E+000  0.000000000000000E+000  0.000000000000000E+000
  0.000000000000000E+000  0.000000000000000E+000  0.000000000000000E+000
  0.000000000000000E+000  0.000000000000000E+000  0.000000000000000E+000
  0.000000000000000E+000  0.000000000000000E+000  0.000000000000000E+000
  0.000000000000000E+000  0.000000000000000E+000  0.000000000000000E+000
  0.000000000000000E+000  0.000000000000000E+000  0.000000000000000E+000
  0.000000000000000E+000  0.000000000000000E+000  0.000000000000000E+000
  0.000000000000000E+000  0.000000000000000E+000  0.000000000000000E+000
  0.000000000000000E+000  0.000000000000000E+000  0.000000000000000E+000
  0.000000000000000E+000  0.000000000000000E+000  0.000000000000000E+000
  0.000000000000000E+000  0.000000000000000E+000  0.000000000000000E+000
  0.000000000000000E+000  0.000000000000000E+000  0.000000000000000E+000
  0.000000000000000E+000  0.000000000000000E+000  0.000000000000000E+000
  0.000000000000000E+000  0.000000000000000E+000  0.000000000000000E+000
  0.000000000000000E+000  0.000000000000000E+000  0.000000000000000E+000
  0.000000000000000E+000  0.000000000000000E+000  0.000000000000000E+000
  0.000000000000000E+000  0.000000000000000E+000  0.000000000000000E+000
  0.000000000000000E+000  0.000000000000000E+000  0.000000000000000E+000
  0.000000000000000E+000  0.000000000000000E+000  0.000000000000000E+000
  0.000000000000000E+000  0.000000000000000E+000  0.000000000000000E+000
  0.000000000000000E+000  0.000000000000000E+000  0.000000000000000E+000
  0.000000000000000E+000  0.000000000000000E+000  0.000000000000000E+000
  0.000000000000000E+000  0.000000000000000E+000  0.000000000000000E+000
  0.000000000000000E+000  0.000000000000000E+000  0.000000000000000E+000
  0.000000000000000E+000  0.000000000000000E+000  0.000000000000000E+000
   1.99181008500831       0.106543293267874       3.753234505975423E-026
 -2.326445472805390E-025 -2.005087756452730E-025 -2.300795911899435E-024
  5.169878828456423E-025 -1.147244432734229E-024  0.191921450837629     
 -1.499802295493996E-025  6.203854594147708E-024  3.945173415604833E-024
 -2.332746103160431E-024  4.652890945610781E-025 -1.969081849193198E-024
   1.98405630420433      -4.497242360782582E-015  8.624861648269059E-016
  6.771460951425531E-002 -7.653157021887552E-017  1.450720980980400E-017
   1.98404564188446      -1.661066232396763E-015 -7.653157005085446E-017
  6.751770222022115E-002 -2.815421003932898E-017   1.98404564188446     
  1.450721002414114E-017 -2.815421023313095E-017  6.751770222022113E-002
  3.236598603968394E-003 -7.326800681756345E-018  1.199291173351124E-018
  3.233266628317101E-003 -2.580723078640544E-018  3.233266628317099E-003
  0.000000000000000E+000  0.000000000000000E+000  0.000000000000000E+000
  0.000000000000000E+000  0.000000000000000E+000  0.000000000000000E+000
  0.000000000000000E+000  0.000000000000000E+000  0.000000000000000E+000
  0.000000000000000E+000  0.000000000000000E+000  0.000000000000000E+000
  0.000000000000000E+000  0.000000000000000E+000  0.000000000000000E+000
  0.000000000000000E+000  0.000000000000000E+000  0.000000000000000E+000
  0.000000000000000E+000  0.000000000000000E+000  0.000000000000000E+000
  0.000000000000000E+000  0.000000000000000E+000  0.000000000000000E+000
  0.000000000000000E+000  0.000000000000000E+000  0.000000000000000E+000
  0.000000000000000E+000  0.000000000000000E+000  0.000000000000000E+000
  0.000000000000000E+000  0.000000000000000E+000  0.000000000000000E+000
  0.000000000000000E+000  0.000000000000000E+000  0.000000000000000E+000
  0.000000000000000E+000  0.000000000000000E+000  0.000000000000000E+000
  0.000000000000000E+000  0.000000000000000E+000  0.000000000000000E+000
  0.000000000000000E+000  0.000000000000000E+000  0.000000000000000E+000
  0.000000000000000E+000  0.000000000000000E+000  0.000000000000000E+000
  0.000000000000000E+000  0.000000000000000E+000  0.000000000000000E+000
  0.000000000000000E+000  0.000000000000000E+000  0.000000000000000E+000
  0.000000000000000E+000  0.000000000000000E+000  0.000000000000000E+000
  0.000000000000000E+000  0.000000000000000E+000  0.000000000000000E+000
  0.000000000000000E+000  0.000000000000000E+000  0.000000000000000E+000
  0.000000000000000E+000  0.000000000000000E+000  0.000000000000000E+000
  0.000000000000000E+000  0.000000000000000E+000  0.000000000000000E+000
  0.000000000000000E+000  0.000000000000000E+000  0.000000000000000E+000
  0.000000000000000E+000  0.000000000000000E+000  0.000000000000000E+000
  0.000000000000000E+000  0.000000000000000E+000  0.000000000000000E+000
  0.000000000000000E+000  0.000000000000000E+000  0.000000000000000E+000
  0.000000000000000E+000  0.000000000000000E+000  0.000000000000000E+000
  0.000000000000000E+000  0.000000000000000E+000  0.000000000000000E+000
  0.000000000000000E+000  0.000000000000000E+000  0.000000000000000E+000
  0.000000000000000E+000  0.000000000000000E+000  0.000000000000000E+000
  0.000000000000000E+000  0.000000000000000E+000  0.000000000000000E+000
  0.000000000000000E+000  0.000000000000000E+000  0.000000000000000E+000
  0.000000000000000E+000  0.000000000000000E+000  0.000000000000000E+000
  0.000000000000000E+000  0.000000000000000E+000  0.000000000000000E+000
  0.000000000000000E+000  0.000000000000000E+000  0.000000000000000E+000
  0.000000000000000E+000  0.000000000000000E+000  0.000000000000000E+000
  0.000000000000000E+000  0.000000000000000E+000  0.000000000000000E+000
  0.000000000000000E+000  0.000000000000000E+000  0.000000000000000E+000
  0.000000000000000E+000  0.000000000000000E+000  0.000000000000000E+000
  0.000000000000000E+000  0.000000000000000E+000  0.000000000000000E+000
  0.000000000000000E+000  0.000000000000000E+000  0.000000000000000E+000
  0.000000000000000E+000  0.000000000000000E+000  0.000000000000000E+000
  0.000000000000000E+000  0.000000000000000E+000  0.000000000000000E+000
  0.000000000000000E+000  0.000000000000000E+000  0.000000000000000E+000
   1.93433650036608      -2.738376793202247E-002 -4.543926936906915E-024
 -2.067951531382569E-024 -2.141730870495157E-024 -2.429288625377307E-025
  3.101927297073854E-024  1.140002931924352E-026  3.387959939264357E-003
 -8.606317965246721E-020 -2.230963293431934E-018 -5.868118748813839E-003
  5.956006161550048E-018 -3.563160904251143E-003  4.956466230417742E-020
  2.377743681956277E-018  6.171575721706049E-003 -6.350771773204174E-018
  1.887815499697487E-004  5.622412661888690E-026 -2.067951531382569E-025
 -1.134280270645427E-025  8.644805212573682E-027 -4.200526548120844E-026
  3.582131893402336E-026 -2.395659823332206E-005 -1.553385736768059E-020
  2.580140976110225E-021  4.149404531662859E-005 -1.464048054917954E-020
  2.511209307553162E-005  1.300945723453360E-020 -9.731185704234836E-021
 -4.349542109121931E-005  3.142945058312048E-020   1.83346409107555     
 -4.156350392856565E-015  7.951649207992033E-016 -9.301341389483804E-002
  1.050657314270661E-016 -2.028878911866086E-017  1.046234256659094E-022
 -2.263312466475014E-023 -1.508750881114304E-022  1.470041693578670E-022
  2.038978180430636E-022 -4.854208679741854E-023  9.073994997213872E-023
  1.551782359460546E-022 -1.877162710712635E-022  1.340777057128397E-022
   1.83360117872547      -1.534495088034576E-015  1.050657294625122E-016
 -9.269623512400343E-002  3.872466476309193E-017  2.055835678297980E-022
  9.926167350636332E-024  6.494788955333356E-023 -4.406504537670736E-022
 -2.389377787079240E-024 -2.289682954878205E-022 -3.970466940254533E-023
 -2.903076935636544E-022  4.883737028954974E-022  5.299228591743568E-023
   1.83346409107555      -2.028879314052985E-017  3.872466179784586E-017
 -9.301341389483805E-002 -2.627747720202718E-022 -2.236912316407833E-022
 -3.801375556709269E-022  5.493830681480869E-022  1.617091685386928E-022
  3.057116130798427E-022  7.818289045244024E-023  4.026829032305743E-022
 -5.382056137189291E-022 -1.524290704908021E-022  1.286110028644777E-003
 -2.897662916576261E-018  5.653611407250958E-019 -8.744107965620379E-024
  1.028417175196093E-024 -3.471760803393759E-024  7.851028077405851E-024
  9.997766068268124E-024  8.310207128023640E-024 -1.079380345554295E-024
  1.824818075310312E-024 -5.677427330948947E-024 -5.916559089214311E-024
  1.278000907384129E-003 -1.068515309202192E-018  2.328855494246402E-024
  2.584939414228211E-025  2.448141245211806E-024  1.547750286615579E-024
 -2.069757446842922E-024 -1.327383939607860E-024  2.584939414228211E-025
 -3.655696850371941E-024 -1.986933362534521E-024  2.633737716887942E-024
  1.286110028644776E-003  2.611705708469965E-024  5.248681271341319E-024
  4.952142508744270E-024 -7.181018798864992E-024 -3.133578514670279E-025
 -4.683504487093392E-024 -1.538821774474646E-024 -5.880488766392839E-024
  8.396646916518092E-024  1.327753729017067E-024  1.035122530648788E-002
 -3.819977050967447E-017 -2.392140620385070E-017  1.362690393995146E-005
  8.448255214971296E-017 -1.769390106002998E-002  3.087836700501223E-017
  1.986142445128683E-017 -1.184031298406371E-005 -6.870082280764661E-017
  9.047836789505121E-003 -4.410057000608932E-017  5.757659412787925E-017
  2.987367202565930E-017  3.087826236666474E-017 -1.463486140525096E-002
  3.567894393453273E-017 -4.654548058854285E-017 -2.417750527525058E-017
  9.043670241960547E-003  2.859135186190285E-017  9.167224953181684E-017
  1.986153849064533E-017  3.567894514099221E-017 -1.462723976423214E-002
 -2.343143959088368E-017 -7.409313874087214E-017  1.034335780982992E-002
 -1.215984583499919E-016 -1.184031298406376E-005 -4.654545597991963E-017
 -2.343119944619707E-017 -1.768022904425270E-002  9.935865718322421E-017
  9.047836789505064E-003 -6.870103585822246E-017 -2.417749848216075E-017
 -7.409314154033727E-017  9.935899046988182E-017 -1.463486140525086E-002
  7.604208880534576E-003 -2.506000332678524E-017 -1.658630949400542E-017
  1.011638834955307E-005  5.611576002395266E-017  5.941392567032240E-003
 -2.898258088187540E-017  3.777803619750973E-017  1.964779584038541E-017
  5.937964543005826E-003  1.930351337353982E-017  6.012326941229342E-017
  7.598368180997749E-003 -8.157737427130227E-017  5.941392567032207E-003
   1.93472886192197      -2.788426484987040E-002 -8.919616205099945E-025
  1.137373342260413E-024  1.123933168776166E-025  1.048717015566713E-024
  1.033975765691285E-025  7.096117258237552E-025  1.128270683336990E-018
 -1.693950089222843E-019  3.364699270266473E-019 -1.218063774944032E-018
 -8.553069065480232E-019 -1.304455172459777E-018  1.371084952531145E-019
 -3.221676952155613E-019  1.052047498740714E-018  8.125475664548805E-019
  1.923390980031466E-004 -8.005016721064954E-025  7.754818242684634E-025
  1.106730945069542E-025  1.550015970270950E-026 -3.877409121342317E-026
 -1.553670356825537E-026 -5.420985970643895E-020 -1.495037191840392E-020
 -1.536243653637156E-020  2.032845884365484E-020  3.326001279989953E-020
  4.828064288724699E-020  1.239926936110796E-020  9.103057316260685E-021
 -2.286957610086860E-020 -1.880452870906165E-020   1.83357789847757     
 -4.156310157305915E-015  7.952150000839162E-016 -9.278365184599981E-002
  1.051500960881048E-016 -2.023897700665176E-017 -7.418905754815801E-022
  8.919119034462874E-023 -9.178889614185354E-022  2.138037246400072E-021
  6.703371060314989E-022  8.632355792472993E-022 -1.375572877353401E-022
  1.154743953294698E-021 -2.598403084414201E-021 -8.368506910104182E-022
   1.83357789847757      -1.534387042935644E-015  1.051500958813096E-016
 -9.278365184599972E-002  3.886391547627817E-017 -1.050352766363572E-021
  2.646977960169689E-023 -6.429849777070662E-022  1.231725510190612E-021
  3.909715086212759E-022  1.135340558435391E-021 -5.293955920339377E-023
  5.905395027133277E-022 -1.475185649328047E-021 -5.147495860769509E-022
   1.83357789847757      -2.023897750779983E-017  3.886391193944175E-017
 -9.278365184599974E-002 -1.250299419692637E-021  1.329815202375771E-024
 -1.292947510380869E-021  1.578820117350586E-021  7.518631924646511E-022
  1.399643598059048E-021 -3.331117435737609E-023  1.516785444630202E-021
 -1.740651320635389E-021 -8.687630402784634E-022  1.280243270627844E-003
 -2.902000391032112E-018  5.628004536312906E-019  2.001811558010435E-023
 -1.736554981360022E-024  2.119274717686782E-023 -4.793772382995018E-023
 -1.623457838076550E-023 -2.003514441496045E-023  1.475527218235544E-024
 -2.113439028878769E-023  5.012035197179227E-023  1.727525811644093E-023
  1.280243270627844E-003 -1.075647429920294E-018  1.777199497301777E-023
 -1.240770918829542E-024  9.240569740071921E-024 -2.159357590711809E-023
 -5.748632522318644E-024 -1.760642253660698E-023  1.240770918829542E-024
 -1.055328974863503E-023  2.523298885048449E-023  6.575984219054315E-024
  1.280243270627844E-003  2.824267425819938E-023  2.441907760988846E-026
  2.957464481484051E-023 -3.834718787834302E-023 -1.719440130717343E-023
 -3.302517945190321E-023  2.244561141576838E-025 -3.200067751331177E-023
  4.069487417267787E-023  1.898535599372224E-023  1.031920439641378E-002
 -3.819425134924213E-017 -2.389222139414249E-017  1.184488140014957E-017
  8.444725039381377E-017 -1.763412746161037E-002  3.087273823795560E-017
  1.983409492576729E-017 -1.146541207543838E-017 -6.866705372483607E-017
  9.045126450312649E-003 -4.408760092953426E-017  5.755586407949602E-017
  2.986492516951137E-017  3.087272831178825E-017 -1.462971208923814E-002
  3.566649749038968E-017 -4.652589562693012E-017 -2.416909815659618E-017
  9.045126450312640E-003  2.860105867305416E-017  9.165344065703761E-017
  1.983409418374482E-017  3.566649785895759E-017 -1.462971208923812E-002
 -2.343903715050570E-017 -7.407517030287436E-017  1.031920439641378E-002
 -1.215325786818069E-016 -1.151963727790804E-017 -4.652589438615920E-017
 -2.343904407150334E-017 -1.763412746161036E-002  9.929577132929900E-017
  9.045126450312592E-003 -6.866705842589562E-017 -2.416909854118483E-017
 -7.407517818042847E-017  9.929577944956830E-017 -1.462971208923805E-002
  7.576455981857294E-003 -2.505453138280130E-017 -1.656069126257961E-017
  9.974635083989325E-018  5.608349322556241E-017  5.938977815236636E-003
 -2.897082015311539E-017  3.775979119262217E-017  1.963984388592131E-017
  5.938977815236629E-003  1.930930390308262E-017  6.010626569655063E-017
  7.576455981857294E-003 -8.151733980921609E-017  5.938977815236599E-003
   1.93433650036608      -2.738376793202247E-002  3.038569017193886E-024
  2.119650319667133E-024  2.776860641571198E-024 -3.136259314312138E-025
 -1.033975765691285E-025 -3.322186404330049E-025 -6.775919878528719E-003
 -6.901366373876923E-019  3.969846128976140E-018 -7.724368936445729E-019
 -3.626081800911923E-018  7.126321808502288E-003  6.848393727449027E-019
 -4.143365348129190E-018  7.317718037471879E-019  3.726521226502656E-018
  1.887815499697487E-004 -1.623222144407864E-025 -3.618915179919496E-025
 -2.915667019897602E-025 -1.483385313322915E-027  3.877409121342317E-026
  1.050365698117296E-026  4.791319646664400E-005 -1.124817645290653E-020
 -4.107804083950454E-020  2.710501280621871E-020  5.292106739542749E-020
 -5.022418615106317E-005  8.519495020201624E-021  3.606264778589443E-020
 -4.319862335330792E-020 -3.942093654916768E-020   1.83360117872547     
 -4.156064574434757E-015  7.952009852810847E-016 -9.269623512400359E-002
  1.053957944669270E-016 -2.024620152264809E-017 -5.656183931722689E-022
 -1.161727920519250E-022 -6.858958464085330E-022  9.391213204557481E-022
  4.132470223898912E-022  5.861330947239641E-022  1.267044314330310E-022
  8.060946338147793E-022 -1.129207855922301E-021 -4.573063613862083E-022
   1.83346409107555      -1.534291467257457E-015  1.053957926057706E-016
 -9.301341389483803E-002  3.896001236358736E-017  8.559822066188065E-023
  2.646977960169689E-023 -3.889630137643455E-023 -1.152338683659116E-022
 -1.683306339277924E-022 -6.688856258786551E-023  0.000000000000000E+000
 -6.022311966897460E-024  1.333010494533155E-022  1.408259354115890E-022
   1.83346409107555      -2.024619462950259E-017  3.896002012303258E-017
 -9.301341389483807E-002 -3.827827526409414E-022  1.553876047290347E-022
 -5.228275158487987E-022  8.048205859964170E-022  4.383179775919796E-022
  4.167132794979942E-022  1.026809866035236E-022  5.662696130776143E-022
 -8.795141753151724E-022 -3.936277327887328E-022  1.278000907384131E-003
 -2.914552752214570E-018  5.631941350696834E-019  1.907132356348579E-023
  2.837907110446558E-024  2.327920179384004E-023 -3.123536102633500E-023
 -1.563385483528510E-023 -2.087815567508767E-023 -3.051186327057027E-024
 -2.536516908847388E-023  3.646797867197943E-023  1.574405937746833E-023
  1.286110028644776E-003 -1.080561255832159E-018 -4.960587399768577E-024
 -9.305781891221561E-025 -4.385154335854990E-024  3.477723377094539E-024
  5.123706623415786E-024  3.659443321442667E-024  7.237830359838992E-025
  3.407048219900043E-024 -4.896490691351743E-024 -4.547273656296698E-024
  1.286110028644776E-003  7.266103959975200E-024 -5.491961240339853E-024
  1.004123318959509E-023 -1.777769403293741E-023 -8.523150569304449E-024
 -8.606519347443879E-024  5.587956541943686E-024 -9.926203376115927E-024
  1.730091339283742E-023  8.144432592428148E-024  1.033942406150096E-002
 -3.820236307468853E-017 -2.391587284806915E-017  1.279357757026651E-017
  8.445117128387537E-017 -1.767339303636408E-002  3.088027701314648E-017
  1.985745335057196E-017 -1.132990536171712E-017 -6.867255661763574E-017
  9.047836789505123E-003 -4.410117801930921E-017  5.757550221504289E-017
  2.987100522754630E-017  3.088030224215516E-017 -1.463486140525096E-002
  3.567929247336407E-017 -4.654443923228480E-017 -2.417493970890693E-017
  9.047836789505111E-003  2.861172509232921E-017  9.164517050951703E-017
  1.985736546511727E-017  3.567929253685936E-017 -1.463486140525094E-002
 -2.344928899867825E-017 -7.406867898678321E-017  1.035515905481685E-002
 -1.215771599009052E-016 -1.151964002976814E-017 -4.654436189089752E-017
 -2.344979893145824E-017 -1.770073706791860E-002  9.933876920016363E-017
  9.043670241960506E-003 -6.867252967555809E-017 -2.417493494234584E-017
 -7.406868444083428E-017  9.933840669670139E-017 -1.462723976423207E-002
  7.595447831229333E-003 -2.506149888250874E-017 -1.658349141592881E-017
  1.027280899665386E-017  5.609050638445233E-017  5.941392567032244E-003
 -2.898274899965025E-017  3.777702726152557E-017  1.964540503760736E-017
  5.941392567032240E-003  1.931945548864133E-017  6.010147331146068E-017
  7.607129230302984E-003 -8.155842807143638E-017  5.937964543005794E-003
   1.93433650036608      -2.738376793202247E-002 -3.194175239695231E-024
  3.929107909626881E-024 -8.497768523786480E-025 -9.045278220561934E-025
 -1.033975765691285E-024  3.180476367974761E-025  3.387959939264368E-003
  2.694019721605579E-019 -7.300512788121106E-019  5.868118748813838E-003
 -4.894042463303974E-018 -3.563160904251151E-003 -3.243846674769577E-019
  7.998066444859518E-019 -6.171575721706045E-003  5.059923178936608E-018
  1.887815499697487E-004 -2.160366307844443E-025  4.652890945610781E-025
  2.128599485086557E-025  5.375543595780512E-026 -3.523999435803304E-026
 -6.829609155034938E-027 -2.395659823332213E-005 -1.813296224989877E-020
 -7.711238087354664E-021 -4.149404531662851E-005  6.177723078274423E-020
  2.511209307553167E-005  1.572090358369414E-020  1.106726067453253E-021
  4.349542109121930E-005 -4.872149930933831E-020   1.83346409107555     
 -4.156052169694016E-015  7.951892662302033E-016 -9.301341389483807E-002
  1.054104945625933E-016 -2.026268242605251E-017 -4.740645179159806E-022
 -7.718487214131948E-023 -7.412046936954019E-022  8.332058339647038E-022
  8.050462710664014E-022  5.219199585582406E-022  6.683923139200814E-023
  7.721443804718378E-022 -8.601814052178185E-022 -7.475072352981194E-022
   1.83346409107555      -1.534202465964515E-015  1.054104989569904E-016
 -9.301341389483807E-002  3.906279680101387E-017  7.724526120691955E-022
 -3.308722450212111E-023  8.172835950843812E-022 -8.409949778416066E-022
 -7.427783046854577E-022 -8.867570882833347E-022  4.632211430296955E-023
 -9.848974952177531E-022  8.935188871613476E-022  8.206038260063689E-022
   1.83360117872547      -2.026268222668465E-017  3.906279595183953E-017
 -9.269623512400343E-002  4.364777823767219E-022  5.501420610754067E-023
  4.414301509757007E-022 -5.805200759973632E-022 -1.478084444355269E-022
 -5.151553309098640E-022  7.506388144133785E-023 -4.240063472685440E-022
  6.655399012605857E-022  1.632640072594868E-022  1.286110028644777E-003
 -2.915297724320861E-018  5.639886302704011E-019  8.458262942663839E-024
  1.652639423668214E-024  1.484773828157418E-023 -1.669902988528416E-023
 -1.640392454467281E-023 -9.159296015882198E-024 -1.233504439758119E-024
 -1.485150552902642E-023  1.417848936751542E-023  1.369520835421396E-023
  1.286110028644777E-003 -1.085816079828118E-018 -1.506617179073729E-023
  1.757758801675184E-024 -1.721991007679315E-023  1.655117028918078E-023
  1.506447082988104E-023  1.665777064043938E-023 -1.757758801675184E-024
  1.522526289564808E-023 -1.818862594861579E-023 -1.552114629157602E-023
  1.278000907384129E-003 -7.642349399432732E-024  8.236913406412294E-025
 -6.001620113377414E-024  9.600574054392175E-024  1.863810908805236E-024
  7.870250328872699E-024  8.633743604300605E-025  7.157242113685891E-024
 -1.207269437049115E-023 -1.821518366650106E-024  1.035122530648787E-002
 -3.818315642430999E-017 -2.393019616393658E-017 -1.362690393992598E-005
  8.450552683627918E-017 -1.769390106002995E-002  3.086292174283103E-017
  1.986959423577163E-017  1.184031298404116E-005 -6.872146061050502E-017
  9.043670241960559E-003 -4.408076182287166E-017  5.754770456765545E-017
  2.986398953373446E-017  3.086299264771916E-017 -1.462723976423216E-002
  3.566070153303892E-017 -4.651908124372427E-017 -2.416851695599075E-017
  9.047836789505109E-003  2.861926222418774E-017  9.167795740445001E-017
  1.986955582333914E-017  3.566070622841990E-017 -1.463486140525094E-002
 -2.345599403405965E-017 -7.409884489142818E-017  1.034335780982993E-002
 -1.216079096382891E-016  1.184031298404110E-005 -4.651918900984845E-017
 -2.345576819462493E-017 -1.768022904425272E-002  9.936799442214689E-017
  9.047836789505062E-003 -6.872129800477316E-017 -2.416850967770543E-017
 -7.409884526730653E-017  9.936806725738555E-017 -1.463486140525086E-002
  7.604208880534577E-003 -2.504609208094660E-017 -1.659365171581163E-017
 -1.011638834953274E-005  5.613358325686312E-017  5.937964543005836E-003
 -2.896608353683540E-017  3.775440726608731E-017  1.963961991707825E-017
  5.941392567032237E-003  1.932488197398845E-017  6.012873555668099E-017
  7.598368180997743E-003 -8.158605887373109E-017  5.941392567032209E-003
