   1.00028887194461       1.942882606272900E-002  6.202237703388933E-025
 -4.652890945610781E-025  1.839349897878457E-025 -1.316917619266987E-025
  3.877409121342317E-026 -1.493603796251501E-025 -7.218588743034623E-019
  1.016439536705160E-020 -2.483760112186826E-019  8.576581718485635E-019
  7.443208904215634E-019 -2.024516881210084E-019  2.202285662861181E-020
 -4.496681983415246E-020  1.303869061011986E-019  1.057175730272317E-019
  0.487287880790546      -3.834519141090652E-024  4.135903062765138E-024
 -1.130180329329666E-024 -1.149624757576351E-025  3.101927297073854E-025
  1.574849161427291E-025 -9.594622883848971E-017  5.204170427930421E-018
 -2.174966964989227E-017  7.303153511780356E-017  5.646341486852737E-017
  1.260038081999029E-017 -6.911788849595091E-019  3.808099971429327E-018
 -1.117169148116648E-017 -9.403708740189550E-018   1.01300695002501     
 -2.296178568423469E-015  4.407543748044507E-016 -1.103247683751299E-002
  1.250816380491020E-017 -2.131904858621260E-018  9.332548013973490E-025
 -4.302768187230794E-026  2.074040514302934E-024 -3.900563600083761E-024
 -1.616135778303122E-024  5.705640444310014E-025  2.371429024741024E-025
  1.483096127878846E-024 -1.813456080482316E-024 -4.990277867683408E-025
   1.01300695002501      -8.483120921919610E-016  1.250816380491020E-017
 -1.103247683751298E-002  4.474509051340232E-018  3.185365500505196E-024
 -2.584939414228211E-026  3.338347109452378E-024 -3.295034649766203E-024
 -2.327105599108431E-024 -1.312785835942456E-024  0.000000000000000E+000
 -2.462237771154395E-024  1.223699708940943E-024  1.797090730310204E-024
   1.01300695002501      -2.140375102969687E-018  4.491449716708217E-018
 -1.103247683751298E-002 -3.551298339112558E-024  1.542968332617660E-025
 -2.986423046350937E-024  5.143193299253731E-024  1.338955365726106E-024
  3.629980001883108E-024  2.709139346772269E-025  3.960232765973867E-024
 -5.779688155546776E-024 -1.689971995889099E-024  8.209662817567574E-003
 -1.860808086997457E-017  4.090087118172557E-018  4.806189767105073E-024
 -1.327464318791590E-026  7.247913291658273E-024 -1.036103349842305E-023
 -4.910214196801205E-024  1.654113055326523E-025 -4.087768291617435E-026
  3.197123999776693E-025 -9.224289016619823E-025 -3.459809009416048E-025
  8.209662817567569E-003 -7.139347754449258E-018  4.298900460599691E-025
 -1.680210619248337E-025 -3.757203677312397E-025 -1.253887440493388E-024
  5.735577418539475E-025  8.980421590166092E-025  1.292469707114106E-026
  8.288188377534017E-025 -8.974288674960800E-025 -6.003482426515042E-025
  8.209662817567570E-003  3.427416865230275E-024 -1.998396501363467E-025
  4.643224818128066E-024 -6.688093402347862E-024 -2.953650798027282E-024
 -6.283982979977046E-025  1.708304652414429E-026 -5.450444214801527E-025
  9.692275315447852E-025  2.150939606557490E-025  0.945316561453738     
 -4.166947455773960E-015 -2.562143487383752E-015  1.315173230438341E-015
  8.474126680198352E-015 -6.942732359607151E-002  1.829147710933654E-016
  1.013856676496552E-016 -4.512848951444854E-017 -3.669336007696170E-016
  0.924464565333190      -4.721636164119520E-015  6.163702422072569E-015
  3.265380311829115E-015  1.828812803856701E-016 -8.176012456132219E-002
  2.069811955439009E-016 -2.692127958178930E-016 -1.429921138219713E-016
  0.924464565333189       3.255015779641810E-015  9.622495628193216E-015
  1.012109559135146E-016  2.069879723538501E-016 -8.176012456132212E-002
 -1.346307539071296E-016 -4.179007790193607E-016  0.945316561453737     
 -1.220723697832563E-014 -4.565009919221565E-017 -2.692136812242658E-016
 -1.346579774406777E-016 -6.942732359607146E-002  5.212633125977882E-016
  0.924464565333184      -3.669484710087001E-016 -1.430022787021103E-016
 -4.179089141359084E-016  5.212476545355230E-016 -8.176012456132173E-002
  2.123889908924790E-003 -1.213382670457283E-017 -6.408757032560189E-018
  3.061798375414811E-018  2.411898447033812E-017  2.715559893831970E-003
 -1.372040830214064E-017  1.779552631739058E-017  9.479468316399911E-018
  2.715559893831968E-003  8.710738024279529E-018  2.748575411675259E-017
  2.123889908924788E-003 -3.417891065695142E-017  2.715559893831954E-003
   1.00028940944816       1.942417149740065E-002  5.003764597110107E-025
 -5.428372769879244E-025  8.251644139245209E-026  2.353091471821496E-025
 -5.169878828456423E-026  1.695555892464752E-025 -5.041618926194436E-019
  3.049318610115481E-020 -2.487784207852737E-019  8.483281237758814E-019
  7.426105036220807E-019 -1.986247852178500E-019  2.202285662861181E-020
 -4.495242830585307E-020  1.180845888453257E-019  1.054956750581147E-019
  0.487299153705342      -3.378203581400343E-024  3.515517603350368E-024
 -1.012531360549605E-024 -3.235534981928499E-025  7.754818242684634E-026
 -1.792236076929854E-025 -7.800274765960216E-017  5.204170427930421E-018
 -2.174997969511849E-017  7.357372257170972E-017  5.646357824741625E-017
  1.371168882758070E-017 -6.844026213814747E-019  3.801329175287797E-018
 -1.098195714203854E-017 -9.383376032820088E-018   1.01300694432526     
 -2.296178567739755E-015  4.407611513963095E-016 -1.103074358302010E-002
  1.250474072343389E-017 -2.140367659775943E-018 -5.447797879827168E-025
  4.336245894104350E-026 -8.036516286591425E-025  1.694030618463205E-024
  7.514586562773458E-025 -7.853282741100732E-025 -1.353856107153634E-025
 -1.158304430433149E-024  1.525204679835419E-024  6.353047798154036E-025
   1.01300694432526      -8.483053155564878E-016  1.250812885522291E-017
 -1.103074358302010E-002  4.491424496630650E-018 -1.568885627762602E-024
  1.292469707114106E-026 -1.215341281853762E-024  1.775192425440513E-024
  1.067792113167531E-024  2.992083134764866E-025 -4.523643974899370E-026
  1.319087886419705E-025 -4.355643930035484E-025 -5.211458273284918E-026
   1.01300694432526      -2.133591370142135E-018  4.501588885664555E-018
 -1.103074358302010E-002  7.718707794889519E-025 -8.656027295560698E-026
  5.633040028292906E-025 -1.152118776740366E-024 -2.239442059833227E-025
  6.098364690160120E-025  2.292451675325421E-025  3.398034447657384E-025
 -6.511067496656643E-025 -2.679550467882424E-025  8.209704488872385E-003
 -1.861485770016500E-017  4.090088436608150E-018 -1.403399491637253E-025
 -7.552380584635171E-026 -7.154150843208714E-025  2.099083685177574E-024
  2.645877677689236E-025  3.342121403983122E-025 -5.030122332423997E-027
  2.443383348428435E-025 -7.377347470745631E-026 -1.670222234890718E-025
  8.209704488872382E-003 -7.139348360301412E-018 -1.978542662872167E-024
 -1.098599251046990E-025 -2.055522366381925E-024  1.711786927064446E-024
  1.358430513161152E-024 -9.978447531383745E-025  2.584939414228211E-026
 -9.485769683767428E-025  9.858010822874045E-025  5.962747920836447E-025
  8.209704488872384E-003  1.851919607522229E-024 -2.049054244102167E-025
  1.653648433965358E-024 -3.057584006813355E-024 -7.668929869715593E-025
  7.740362667507184E-025  5.214239540661155E-026  7.503853686555463E-025
 -1.177135020484164E-024 -4.304255568266259E-025  0.945319268276771     
 -4.167550674344918E-015 -2.562251982984807E-015  1.339459435291886E-015
  8.474235162680453E-015 -6.942543545217064E-002  1.828813660037690E-016
  1.013839462258532E-016 -4.523690624785902E-017 -3.669335691978456E-016
  0.924468402251056      -4.721636506550930E-015  6.164197934405238E-015
  3.265400864771486E-015  1.828766951733439E-016 -8.175801055826942E-002
  2.069810603801975E-016 -2.692003596292129E-016 -1.429852473924629E-016
  0.924468402251055       3.254717702257507E-015  9.622713275394578E-015
  1.012024650031644E-016  2.069946131806158E-016 -8.175801055826931E-002
 -1.346553023055000E-016 -4.178836683825560E-016  0.945319268276770     
 -1.220723701772668E-014 -4.565010178939265E-017 -2.692222327920001E-016
 -1.346613494450719E-016 -6.942543545217056E-002  5.212429657495616E-016
  0.924468402251050      -3.669247254268897E-016 -1.429683065551147E-016
 -4.178951926806464E-016  5.212306934778524E-016 -8.175801055826888E-002
  2.123837864700353E-003 -1.213447180653209E-017 -6.407273921417872E-018
  3.027916392165585E-018  2.411898372422477E-017  2.715469629338230E-003
 -1.371888996838036E-017  1.779834911463074E-017  9.480943767609599E-018
  2.715469629338228E-003  8.710631079453304E-018  2.748489021040905E-017
  2.123837864700350E-003 -3.417806357041345E-017  2.715469629338215E-003
   1.00412148610099      -5.935796364069181E-003  6.650541367854601E-025
 -4.652890945610781E-025  4.278728863910518E-025 -8.849439589808749E-025
  1.447566071967798E-024  6.398355671270286E-025 -1.963516796617152E-018
  1.101142831430590E-019 -7.287942043403069E-019  2.403440715518446E-018
  1.856204508838583E-018  1.084744024037482E-019  4.235164736271502E-021
  3.637642882550615E-020 -1.060925374382603E-019 -1.058581348484441E-019
  0.472984769952451      -3.644626271433781E-024  1.344168495398670E-024
 -2.712281756751394E-024 -1.181539797048218E-024  9.305781891221561E-025
 -7.074249638789237E-025 -1.045523433502358E-016  6.017322057294550E-018
 -3.165152056476048E-017  9.748064046420825E-017  7.807049523851185E-017
  1.927245721101481E-017 -8.267041565201971E-019  4.914414241766113E-018
 -1.564063446488337E-017 -1.206543798462670E-017   1.01213141970167     
 -2.294186500141502E-015  4.405133262896838E-016 -1.636694499559805E-002
  1.854521211410274E-017 -3.139484019192121E-018 -1.681299402804241E-024
 -2.699652667013544E-025 -2.578185982183001E-024  4.043127851345275E-024
  1.891673178311561E-024 -1.964793606241380E-024  5.983719060045362E-025
  4.310830073867124E-025 -1.737043248071205E-024 -1.759825895581650E-025
   1.01213141970167      -8.476614770561786E-016  1.854860024589176E-017
 -1.636694499559804E-002  6.593518343743903E-018 -4.140228805199401E-025
 -5.816113682013476E-026 -7.064228273688352E-026  2.353754291169643E-025
  1.428874785768150E-025  1.839073544185253E-024  4.394397004187960E-025
  1.181342814699778E-025 -7.422683422106349E-025 -3.246528573757986E-025
   1.01213141970167      -3.144142543256931E-018  6.596906503543498E-018
 -1.636694499559803E-002  5.120276914199769E-025 -7.449746665773085E-027
  2.326644908082117E-025 -7.459515128186689E-025  6.158214892150590E-026
 -1.155155217591181E-024  3.180972329796906E-025 -7.111248513027337E-025
  2.135717242478984E-024  4.787805642424706E-025  9.838043220224617E-003
 -2.229604320659864E-017  4.960331574851229E-018 -1.857200045197685E-024
  4.807995444337875E-025  1.133758828703698E-025  5.970482516467168E-025
  1.209615924190283E-025  4.598682413389029E-024 -7.732251783595594E-027
  4.321364239267027E-024 -6.648358733409618E-024 -3.026730837767354E-024
  9.838043220224604E-003 -8.631868463927605E-018 -4.196196625434728E-025
  4.459020489543665E-025 -8.889753861846736E-025  1.717330329347683E-024
  7.062840464369721E-025  8.841094568902857E-025 -2.633407028244990E-025
  1.371595833578956E-024 -1.820739230387054E-024 -7.057712724944811E-025
  9.838043220224598E-003 -3.025987310918120E-024  3.673683904470170E-025
 -2.238391925520388E-024  3.128807626715334E-024  1.559567501541118E-024
  7.067290898124648E-025  4.839119346932718E-026  9.800806413687537E-025
 -1.249934058455692E-024 -1.025128592614477E-024  0.239330873255883     
 -1.879984667892461E-015 -9.182002600945187E-016  2.504836081038597E-016
  3.677241512450280E-015 -5.555701756173726E-002  1.770735458047714E-016
  9.112546942887351E-017 -3.230956281224917E-017 -3.509934473711990E-016
  0.418517449650466      -2.115894563264088E-015  2.754946044797947E-015
  1.457696984507386E-015  1.770622796339090E-016 -7.926106373925500E-002
  2.001885531217345E-016 -2.605603186027345E-016 -1.381395326215093E-016
  0.418517449650466       1.336397730407867E-015  4.304644448578133E-015
  9.134210209304665E-017  2.001072372117686E-016 -7.926106373925489E-002
 -1.262437620222478E-016 -4.048186351182517E-016  0.239330873255883     
 -5.124927493863964E-015 -3.279255842600445E-017 -2.605228429572850E-016
 -1.260436897438995E-016 -5.555701756173723E-002  4.930298108321156E-016
  0.418517449650464      -3.512117976145929E-016 -1.380469932628364E-016
 -4.048968083965120E-016  4.930607720833747E-016 -7.926106373925444E-002
  3.335161481456847E-003 -1.745171843590045E-017 -9.465527631286470E-018
  4.278080694996529E-018  3.515677055314190E-017  3.934606889078800E-003
 -1.983574725800428E-017  2.579774226002382E-017  1.369033832510028E-017
  3.934606889078798E-003  1.242364676578155E-017  3.977281089679344E-017
  3.335161481456848E-003 -4.977009883056127E-017  3.934606889078778E-003
   1.00412166100697      -5.936915504450722E-003 -3.090188023109531E-025
  6.720842476993350E-025  6.457686126585220E-026  4.045301364288167E-024
 -7.031035206700735E-024 -2.033743845236603E-024 -2.390416709896034E-018
  1.101142831430590E-019 -7.287805989270048E-019  2.281461714930779E-018
  1.856201819418989E-018  1.288039832451721E-019  5.929230630780102E-021
  3.783324896594668E-020 -1.056700744410607E-019 -1.048045011239265E-019
  0.472985585331331      -2.855284755319213E-024  8.685396431806791E-024
  2.490160529485828E-024  1.648603405118932E-024 -2.378144261089955E-024
  4.501009428082989E-025 -8.937365722654835E-017  6.071532165918825E-018
 -3.157064405302212E-017  8.577144938951093E-017  7.817902623613158E-017
  1.894720626507768E-017 -8.267041565201971E-019  4.912717859871516E-018
 -1.523407159127932E-017 -1.207900071578813E-017   1.01213130368352     
 -2.294186390904296E-015  4.405135368602762E-016 -1.636566178362985E-002
  1.855026752272407E-017 -3.145830287642994E-018  1.013075080786574E-024
  1.428122250216039E-025  2.764520457032568E-024 -4.189101982956314E-024
 -1.497471559209675E-024  3.648621537283014E-024  8.634199553925826E-025
  2.732017428958056E-024 -4.146040049550947E-024 -3.012636146571970E-024
   1.01213130368352      -8.476580864350621E-016  1.855196158861858E-017
 -1.636566178362985E-002  6.595193166640159E-018 -9.837999990370328E-025
 -2.584939414228211E-025 -2.189814701794855E-024  1.154482851017161E-024
  1.725497956337740E-024  2.009493414101023E-024  2.067951531382569E-025
  4.033556884387536E-024 -6.027565560380344E-025 -3.465338475916998E-024
   1.01213130368352      -3.145830470233156E-018  6.593499177958248E-018
 -1.636566178362985E-002  3.913602252322639E-024 -2.181056064371951E-025
  4.512976083866704E-024 -5.908919296837939E-024 -2.915251746718712E-024
 -1.064249351458955E-023 -2.661989333337331E-025 -1.100879348440334E-023
  1.610058221107670E-023  6.159720566214254E-024  9.838007734436566E-003
 -2.228503175430621E-017  4.959484498450667E-018  1.288774866402625E-023
  5.265636251767924E-025  1.649820632943698E-023 -2.565575776352592E-023
 -1.142874993189455E-023 -9.426320857644510E-025  7.299971360693258E-027
 -9.679729900273293E-025  3.304439158238335E-025  6.222790689714853E-025
  9.838007734436563E-003 -8.628480256179892E-018  4.695659187922036E-024
 -4.135903062765138E-025  5.110986124110324E-024 -5.089039716112593E-024
 -3.294043010589112E-024  2.841358784160979E-024  1.938704560671159E-026
  2.158195205070796E-024 -3.047462413469219E-024 -1.358194944247556E-024
  9.838007734436559E-003 -3.391691671110477E-024  7.921334105615567E-025
 -1.317417770155046E-024  4.051136459203055E-024 -8.660707150044655E-025
  3.601863414220976E-025  1.272347154146286E-025  2.164009860189195E-025
 -1.573755222470943E-026  8.746912188922905E-026  0.239325481481734     
 -1.879864071858253E-015 -9.178681613422884E-016  2.452795195046377E-016
  3.677458055000177E-015 -5.555562148653605E-002  1.770677588684433E-016
  9.111869054869642E-017 -3.100852394898865E-017 -3.509730801971104E-016
  0.418492693659241      -2.115459450883619E-015  2.754855316587478E-015
  1.457262353897499E-015  1.770393236689321E-016 -7.925802468322007E-002
  2.001613650393512E-016 -2.605340781549883E-016 -1.380835737433963E-016
  0.418492693659241       1.336377143471697E-015  4.304205522555828E-015
  9.133872069631661E-017  2.001071520543537E-016 -7.925802468321995E-002
 -1.262250921215461E-016 -4.048170344148763E-016  0.239325481481734     
 -5.124656267943615E-015 -3.279255789960374E-017 -2.606096802318498E-016
 -1.260767188521791E-016 -5.555562148653601E-002  4.929959067431596E-016
  0.418492693659239      -3.511778732460296E-016 -1.380458810075285E-016
 -4.048681007354449E-016  4.930336418948737E-016 -7.925802468321956E-002
  3.335074240648034E-003 -1.745828473456575E-017 -9.470186588273366E-018
  4.250975985430335E-018  3.516015369188094E-017  3.934522874122867E-003
 -1.983404935462090E-017  2.579741309279157E-017  1.369203017155936E-017
  3.934522874122861E-003  1.241242090960413E-017  3.977194503662418E-017
  3.335074240648031E-003 -4.976924869095085E-017  3.934522874122840E-003
