   2.00232851116939       3.506813466988319E-002 -2.995659708533916E-025
  7.754818242684634E-026 -1.935422189016049E-025  2.666002597987994E-026
 -1.163222736402695E-025 -5.385141798787772E-026 -8.634397252180302E-018
  3.693063650028749E-019 -2.188217288046966E-018  6.028273680417893E-018
  5.504930944169707E-018  1.232045854922075E-018 -4.743384504624082E-020
  3.412111391427465E-019 -9.967240121234870E-019 -8.501698981335568E-019
   1.10746199286603       1.136689061361234E-024 -7.237830359838992E-025
  1.141379909702443E-024 -1.045314694950538E-025  4.652890945610781E-025
  2.834374850249549E-025 -2.666573976967770E-016  2.103352214621879E-017
 -7.641785664132181E-017  2.519296093118379E-016  1.878041022240651E-016
  4.503740023135960E-017 -1.721170948820738E-018  9.985121358544007E-018
 -2.880677437135551E-017 -2.523696183909645E-017   2.02714782784302     
 -4.594942013644207E-015  8.819038088214897E-016 -1.582753523953462E-002
  1.793814796642406E-017 -2.186990700553790E-018  1.384793299452572E-024
 -1.368742046967658E-025  2.913369290228235E-024 -5.946877967272315E-024
 -2.542110477615064E-024 -1.397333718609803E-024 -5.563114254496840E-027
 -1.980351970081678E-024  3.479458568682755E-024  1.369729223706648E-024
   2.02714782784302      -1.697548986631091E-015  1.792459543926799E-017
 -1.582753523953461E-002  5.928433545743699E-018  6.157665909377811E-024
 -7.754818242684634E-026  5.402902477934460E-024 -6.650641099252727E-024
 -3.863368039464300E-024 -2.005238320301048E-024 -2.584939414228211E-026
 -1.482747514914771E-024  2.914912105729363E-024  4.149314899677508E-025
   2.02714782784302      -2.188684851129758E-018  5.928433541741918E-018
 -1.582753523953462E-002 -2.600620751326004E-024  9.195274996433411E-026
 -1.985511489100432E-024  4.402807774919856E-024  6.634197317475903E-025
 -2.265339595876054E-024 -6.060238672338077E-026 -2.520258347966576E-024
  3.399590477911903E-024  1.447884612711804E-024  2.316237633676912E-002
 -5.256202883775283E-017  1.160579150871049E-017  4.693318242307145E-024
 -1.313746950297877E-025  7.320438646681334E-024 -1.692741215208872E-023
 -6.682492846975116E-024 -9.023048259705797E-025  9.550241295112731E-026
 -1.181883501361640E-024  1.862956441187463E-024  8.772490663396198E-025
  2.316237633676909E-002 -2.019039798302982E-017  1.123019605566295E-023
 -4.652890945610781E-025  9.929309610130377E-024 -1.292287613892956E-023
 -7.327024857702487E-024 -8.202308718802251E-025  8.643391166325582E-026
 -8.156253663459977E-025  1.138877602255961E-024  4.348942665026992E-025
  2.316237633676909E-002 -5.443980950589800E-024  2.861984780765299E-025
 -3.576839745251915E-024  7.303312311678867E-024  9.163967487335343E-025
 -2.521669171007169E-025 -3.256000451956611E-026 -4.023061799571625E-025
  4.509984835809021E-025  3.920396361283769E-025   1.20295190633649     
 -5.937380441039011E-015 -3.396283789738078E-015  1.132395152799762E-015
  1.204155715754549E-014 -0.162032768770298       4.175629763143895E-016
  2.335234313553042E-016 -8.587289604942048E-017 -8.425329235060174E-016
   1.33854036925008      -6.780530791066849E-015  8.920335549103620E-015
  4.686783644338929E-015  4.176382486644572E-016 -0.187845749616021     
  4.760257673022040E-016 -6.229628944814288E-016 -3.290063106254837E-016
   1.33854036925008       4.183195316597164E-015  1.373109061428624E-014
  2.334278943223146E-016  4.760664259318070E-016 -0.187845749616021     
 -2.966334896679077E-016 -9.603911121223041E-016   1.20295190633649     
 -1.690388368344179E-014 -8.574865875664026E-017 -6.229859260848144E-016
 -2.968897761542063E-016 -0.162032768770298       1.187905864273355E-015
   1.33854036925007      -8.424845225236174E-016 -3.290359565898420E-016
 -9.603908900233866E-016  1.187850795633633E-015 -0.187845749616020     
  7.992797300083804E-003 -3.533056870221756E-017 -2.048939727063312E-017
  9.250964650858885E-018  7.224149622761036E-017  8.011928760871326E-003
 -4.051895520941085E-017  5.293225233813194E-017  2.804571237594702E-017
  8.011928760871317E-003  2.484214515042813E-017  8.087892504641429E-017
  7.992797300083803E-003 -1.027393734887359E-016  8.011928760871277E-003
   2.00232710403686       3.507830482172892E-002  7.653855435190366E-026
  3.332148463653554E-026  6.977182065378467E-026 -7.187371235596605E-027
  1.050131637030211E-026  1.020041638139823E-026 -1.045043366219255E-017
  3.794707603699266E-019 -2.184851940232508E-018  5.946955545613518E-018
  5.501543494162674E-018  1.442102737489541E-018 -4.743384504624082E-020
  3.445819369733642E-019 -1.023819348633490E-018 -8.501624520586459E-019
   1.10745779584500      -2.405988051877161E-025  1.680210619248337E-025
 -1.101902499154072E-025  2.000160603218989E-025 -3.877409121342317E-026
  1.344264789138721E-025 -2.795594081111317E-016  2.081668171172169E-017
 -7.630918763486371E-017  2.447738810558032E-016  1.878040517446715E-016
  3.766482014066364E-017 -1.721170948820738E-018  9.985094854007911E-018
 -2.999938967069686E-017 -2.523695870938994E-017   2.02714780139104     
 -4.594942012883407E-015  8.819021145717700E-016 -1.582628517660586E-002
  1.792456948299860E-017 -2.159882982337784E-018 -6.630585064395250E-025
  1.012503682544563E-026 -1.270369803642728E-024  2.586215992366290E-024
  1.178239436056168E-024  1.984806768210761E-025  1.099494531232177E-025
 -1.481949130188088E-025  3.895781873322518E-025  5.573567228762555E-026
   2.02714780139104      -1.697535433513869E-015  1.792456948299860E-017
 -1.582628517660585E-002  5.955519654981574E-018 -2.583788710169305E-024
  3.877409121342317E-026 -2.521855584286887E-024  2.788046179109403E-024
  1.846248997974792E-024 -6.476116993082290E-025  1.938704560671159E-026
 -4.394209370335257E-025  8.667134400120906E-025  3.010504389579075E-025
   2.02714780139104      -2.186987906419858E-018  5.928414615155037E-018
 -1.582628517660586E-002  2.270198327787125E-024 -3.950274863883641E-026
  1.950079421157573E-024 -3.442421418974212E-024 -9.645418289420503E-025
 -4.147705637441833E-025 -6.047362057314780E-026 -5.777331549431600E-025
  6.955942460598838E-025  3.406323191637987E-025  2.316234653409151E-002
 -5.256033407334090E-017  1.155158169085468E-017  1.182599130185858E-024
  1.097615795908379E-025  4.560325263295200E-025 -1.522643354273612E-026
 -7.115638295096835E-026  6.892562394106826E-026  3.861700293751059E-027
  1.171260542706724E-025 -8.393205518025810E-026 -4.616888019212630E-026
  2.316234653409149E-002 -2.019039745395534E-017 -3.701033849407019E-024
  2.584939414228211E-025 -3.313390004120498E-024  3.920123079124785E-024
  2.435356232152853E-024 -2.732376745481541E-025  1.938704560671159E-026
 -2.948895105576399E-025  2.636119680515647E-025  2.313270161344295E-025
  2.316234653409150E-002  2.206750510474714E-024  5.511920672089309E-027
  1.715543950683506E-024 -3.002073796586378E-024 -9.283775607173226E-025
  3.407549044634872E-025 -6.608973415395998E-027  3.675096273761008E-025
 -5.583175872029593E-025 -2.039807445210582E-025   1.20295080662811     
 -5.936609796086798E-015 -3.396934253818068E-015  1.111578493646862E-015
  1.204047292313587E-014 -0.162032341981196       4.175624603137333E-016
  2.334726233511671E-016 -8.608973430528054E-017 -8.424482106893974E-016
   1.33854011554339      -6.777928674598483E-015  8.920655378502092E-015
  4.691120429289910E-015  4.176051925675753E-016 -0.187845515397660     
  4.760664044769605E-016 -6.229385185610509E-016 -3.290198479924023E-016
   1.33854011554338       4.182870072996570E-015  1.373065690526544E-014
  2.334177557505675E-016  4.760528522614277E-016 -0.187845515397659     
 -2.966063878510725E-016 -9.603894373972881E-016   1.20295080662811     
 -1.690377524797237E-014 -8.574865783680293E-017 -6.230419965292359E-016
 -2.967881478264036E-016 -0.162032341981196       1.187902471618178E-015
   1.33854011554338      -8.423320476012107E-016 -3.290122248202702E-016
 -9.603909091458386E-016  1.187850787146896E-015 -0.187845515397659     
  7.992773558656822E-003 -3.532193307704273E-017 -2.048939942682397E-017
  9.250964509367202E-018  7.222963730679614E-017  8.011923803672770E-003
 -4.052572992920388E-017  5.293674182949074E-017  2.804571107881754E-017
  8.011923803672766E-003  2.484256914208085E-017  8.088570599079177E-017
  7.992773558656819E-003 -1.027385264024134E-016  8.011923803672723E-003
