   1.00020010146165       2.107966694531337E-002  1.765348168751806E-024
 -1.033975765691285E-024  6.602930335483249E-025  3.255603082913386E-025
  2.584939414228211E-026  2.577987731366591E-025 -9.711108464776919E-019
  1.050320854595332E-019 -3.585794695348081E-019  1.148842450726765E-018
  9.572654958737814E-019  1.417035366784775E-019 -1.651714247145886E-020
  5.605319841525198E-020 -1.952907960090439E-019 -1.441857221997959E-019
  0.463731903318129      -1.417400726154186E-023  6.203854594147708E-024
 -4.750150358755053E-024 -1.897918551959740E-025  2.843433355651033E-025
  4.844021256902174E-026 -3.581875482423871E-017  8.673617379884035E-019
 -1.012739657786041E-017  3.236266891635745E-017  2.694456998431288E-017
  8.998872051734702E-018 -6.030874584450618E-019  3.070992661380053E-018
 -8.831722223511525E-018 -7.652373710007556E-018   1.01284756219448     
 -2.295826742498197E-015  4.406420896344275E-016 -1.154311512982027E-002
  1.307986945553330E-017 -2.151439875923744E-018 -5.380688034559352E-027
  1.246916800210608E-025  4.408376641564658E-025  2.088153805128172E-025
 -3.926888780089957E-027 -4.101661127089144E-024 -2.420469948806250E-025
 -5.313442190886318E-024  4.720753350764897E-024  2.931948127038014E-024
   1.01284756219448      -8.481667177245698E-016  1.308156352142781E-017
 -1.154311512982027E-002  4.712372853291929E-018  2.937370555094058E-025
 -2.584939414228211E-026  6.664665886493117E-025 -2.947141793123165E-025
 -1.923152523465288E-025  1.319095301798441E-024  2.197198502093980E-025
  6.131950729480155E-025 -3.456935226198318E-025 -8.818277266530932E-025
   1.01284756219448      -2.163298350793519E-018  4.712372857139170E-018
 -1.154311512982027E-002 -1.411287627664057E-024  8.527281768380614E-026
 -1.408632400348810E-024  1.564457859695369E-024  9.354907056491279E-025
 -6.688730798699173E-025  9.411370710139061E-026 -1.265440648107869E-024
  2.166365044176789E-024  8.709983667485483E-025  7.201657167411090E-003
 -1.632432207815204E-017  3.639607121388583E-018  2.279328209623460E-024
  9.318200423291597E-026  3.522630915560939E-024 -4.660779830960394E-024
 -2.099795682523383E-024 -4.935498068327349E-025  3.198552949520523E-026
 -3.341841915781248E-025  7.288196621332957E-025  3.651396028617499E-025
  7.201657167411077E-003 -6.290948913954414E-018  1.868380710870789E-024
  5.169878828456423E-026  2.217618875335087E-024 -2.262837966237560E-024
 -1.134462685694270E-024  7.344710633866799E-026  3.231174267785264E-026
 -1.046956518482585E-025 -1.181243142918819E-025  1.379259496380082E-025
  7.201657167411078E-003 -1.339012702280393E-024  3.364704107035294E-025
 -1.164799073821919E-024  1.858546210041223E-024  4.234755734102262E-025
  2.620450324305411E-025 -3.484525455506549E-026  2.606674824525042E-025
 -4.567038950362995E-025  5.984857935683160E-027  0.980482633074739     
 -4.297907850566688E-015 -2.657071612791838E-015  1.381376388946994E-015
  8.742589793172365E-015 -6.669113018973172E-002  1.731205835728414E-016
  9.664445309611937E-017 -4.059163567920046E-017 -3.469573807073137E-016
  0.952200762375048      -4.864081633917687E-015  6.344536237075389E-015
  3.363149297683764E-015  1.731188880593809E-016 -7.731051283354576E-002
  1.963965255654446E-016 -2.560472839276918E-016 -1.359122771262430E-016
  0.952200762375047       3.385928751234479E-015  9.919128391888427E-015
  9.659865515770241E-017  1.963939840659131E-016 -7.731051283354562E-002
 -1.259297922540224E-016 -3.955260996909953E-016  0.980482633074738     
 -1.261809603160829E-014 -4.108352405930587E-017 -2.561278943909075E-016
 -1.260760618026712E-016 -6.669113018973166E-002  4.917019685078682E-016
  0.952200762375042      -3.469657024764265E-016 -1.359110068798499E-016
 -3.955243314802802E-016  4.916684312331607E-016 -7.731051283354524E-002
  1.881010646975901E-003 -1.089443589950467E-017 -5.738783410345798E-018
  2.414639237370561E-018  2.155482903956760E-017  2.431483036206230E-003
 -1.233521037925651E-017  1.604226654146401E-017  8.542127709645592E-018
  2.431483036206227E-003  7.730896597900156E-018  2.466692454067684E-017
  1.881010646975900E-003 -3.045864618066973E-017  2.431483036206213E-003
   1.00019936056606       2.108825220766157E-002 -2.605449014496401E-025
 -1.615587133892632E-026 -3.284013027613638E-025 -2.331481839033375E-025
  9.047287949798740E-026 -1.523941878353034E-025 -1.331931292317583E-018
  9.825582188149884E-020 -3.617503765466259E-019  1.106470017110128E-018
  9.538527036727726E-019  1.412737589827790E-019 -1.651714247145886E-020
  5.433502351463321E-020 -2.146583263813910E-019 -1.475727526818680E-019
  0.464120235867233       1.602882781876349E-024 -5.169878828456423E-025
  1.101015999888317E-024  4.784524694355423E-025  9.531964089966530E-026
  5.170310910982985E-025 -3.495099517264387E-017  6.505213034913027E-019
 -1.045133691582233E-017  2.889269141292858E-017  2.564084472497920E-017
  8.592211768048544E-018 -6.030874584450618E-019  3.082841115715098E-018
 -8.397928729178531E-018 -7.665890862288861E-018   1.01284737846144     
 -2.295829881396808E-015  4.406353227749767E-016 -1.154414008587843E-002
  1.307454324554070E-017 -2.195472535267534E-018 -1.209364486489879E-024
 -7.185877099639974E-026 -1.608044212118636E-024  1.355987032105153E-024
  9.649883260951379E-025  5.763610613913707E-024  7.080828125365946E-025
  8.262208782066090E-024 -1.239827899125506E-023 -5.941755912127346E-024
   1.01284737846144      -8.481634559509361E-016  1.308640170680227E-017
 -1.154414008587842E-002  4.718972317177087E-018  8.208112145823168E-025
  1.292469707114106E-026  2.525393479508760E-025 -6.829787626784322E-025
 -3.279885730341592E-025 -4.037587805180952E-025 -5.169878828456423E-026
 -1.182511990589003E-024  8.432460774010098E-027  1.204969331832110E-024
   1.01284737846144      -2.168367492102361E-018  4.705419790347015E-018
 -1.154414008587841E-002  7.380813948477607E-025 -7.768807408186453E-027
  5.383344039031427E-025 -6.988839151293445E-025 -9.055261039291829E-026
  3.115587945155517E-024  3.296515846188018E-025  4.130538001221010E-024
 -4.373101778018988E-024 -3.244822070313964E-024  7.199741697075325E-003
 -1.632632287109712E-017  3.624372416928897E-018  5.367340946632166E-024
  2.672948045657150E-025  4.893478849812610E-024 -8.458995118422530E-024
 -5.161499075942450E-024 -1.049167398381700E-024 -6.305596455346405E-026
 -1.078248227247768E-024  2.052374777264689E-024  9.976382839079014E-025
  7.199741697075315E-003 -6.304723865111943E-018 -3.974570658958583E-024
  1.550963648536927E-025 -4.832470031545330E-024  5.900425959086170E-024
  1.903894769630541E-024  1.528140717907654E-025 -1.292469707114106E-026
  2.389155446657979E-025 -5.117907092498825E-025  1.498598765875328E-025
  7.199741697075315E-003  1.245443457750199E-024  1.852894705229121E-025
  9.719577307130922E-025 -1.955714842900925E-024 -6.277714413924752E-027
  5.488944873635538E-025  6.660347834138325E-026  6.201371618695168E-025
 -8.735061532401290E-025 -3.255239265584903E-025  0.980853908791210     
 -4.298019908596730E-015 -2.658157630913296E-015  1.325867245000151E-015
  8.742049526710875E-015 -6.665938107615675E-002  1.731051212257435E-016
  9.663059441610934E-017 -4.004957227212030E-017 -3.469671286040195E-016
  0.952211379639819      -4.863908452269065E-015  6.344375344544091E-015
  3.363693423209263E-015  1.731089681325798E-016 -7.730776926722049E-002
  1.963887312974115E-016 -2.560397282137894E-016 -1.359081371050541E-016
  0.952211379639818       3.386340460756870E-015  9.919339736561918E-015
  9.657125373538648E-017  1.963870388350314E-016 -7.730776926722034E-002
 -1.259398022303979E-016 -3.955142212987529E-016  0.980853908791209     
 -1.261923548508973E-014 -3.967403325007570E-017 -2.561642797971512E-016
 -1.260572517699164E-016 -6.665938107615672E-002  4.916576839625634E-016
  0.952211379639813      -3.469415794885680E-016 -1.359062336540225E-016
 -3.955116051696948E-016  4.916105700049123E-016 -7.730776926721998E-002
  1.880443345211838E-003 -1.089230791929291E-017 -5.736647828199416E-018
  2.482395757008995E-018  2.154802557474467E-017  2.431267858092538E-003
 -1.233392527198277E-017  1.603573931374201E-017  8.537035353135482E-018
  2.431267858092536E-003  7.732471991212737E-018  2.466347896517369E-017
  1.880443345211837E-003 -3.045354863931447E-017  2.431267858092524E-003
   1.00449331576608      -8.532848945874890E-003  3.591407727767261E-025
  4.200526548120844E-025  6.530755918655757E-025 -1.900216069581250E-025
 -3.683538665275201E-025 -3.794643197332083E-025 -2.866770390800377E-018
  1.411103950566461E-019 -7.900371173893929E-019  2.233326712018101E-018
  1.931175897742452E-018  4.378549396248989E-019 -2.414043899674756E-020
  1.063637535939975E-019 -3.090855669403871E-019 -2.670753813859190E-019
  0.432223099686030      -3.291782639284330E-024 -2.481541837659083E-024
 -4.766248211159317E-024 -5.419175948359038E-025  5.169878828456423E-025
 -7.682768082413475E-026 -7.636681180488443E-017  5.204170427930421E-018
 -2.890169971822374E-017  9.358247922895608E-017  7.133164758268421E-017
  1.488111935990228E-017 -7.250602028496811E-019  4.171709053009036E-018
 -1.093296462928048E-017 -1.024317072896889E-017   1.01158746298061     
 -2.292969645447202E-015  4.402048063812854E-016 -1.822006725129422E-002
  2.065589426831350E-017 -3.513633043198920E-018  5.661101003327779E-025
  1.553838280406171E-025  8.872040209726075E-025 -1.742693187146670E-024
 -7.816164688671498E-025 -8.168796975692128E-025 -6.716612609055691E-025
 -2.651377542900330E-024  5.216387166172783E-024  1.602792609496318E-024
   1.01158746298061      -8.471877953771102E-016  2.065589426831350E-017
 -1.822006725129420E-002  7.387955861309669E-018  1.257053068528288E-025
  1.550963648536927E-025 -1.908127202955221E-025  4.301601637365023E-025
 -1.270709983362236E-026 -1.898802504674360E-024 -4.135903062765138E-025
 -5.832669181479297E-025 -9.197683254248803E-026  3.852084231275710E-025
   1.01158746298061      -3.512786231396978E-018  7.377791452149751E-018
 -1.822006725129420E-002 -7.472442056630817E-025 -5.190577922291496E-026
 -7.461730250236410E-025  1.185323097261085E-024  7.537545224923324E-025
  4.001335438306988E-024  7.866135014043248E-026  2.577280615317468E-024
 -4.559892757288304E-024 -1.627535938593372E-024  8.573377012275927E-003
 -1.943132359589729E-017  4.321058931673885E-018 -2.248586805970339E-024
  2.427320880763480E-025 -1.102345960785655E-024  2.190413361271479E-024
  9.300879693591984E-025 -1.260668236972948E-025 -4.371611350477894E-026
 -4.179016217790475E-025  1.110067411416376E-024  3.756592614773961E-025
  8.573377012275925E-003 -7.521687030297020E-018  7.162172859163469E-025
  1.264196932270985E-025  6.667902790113890E-026 -2.451751003982995E-025
 -7.250202439062783E-026 -9.609898446606262E-025 -1.292469707114106E-026
 -6.271439797264514E-025  7.427907482499576E-025  5.495882099447589E-025
  8.573377012275927E-003 -2.019918478435134E-024  3.959730209412629E-025
 -1.568256272290553E-024  2.141897782796471E-024  9.836781959568637E-025
  6.934357916054039E-025 -9.007024682187673E-026  5.561227885987004E-025
 -9.766520778757675E-025 -3.166456998759920E-025  0.231524014692050     
 -1.668881870503738E-015 -8.564524217989507E-016  2.251549222621551E-016
  3.268775733861950E-015 -5.238034510546977E-002  1.636332326815650E-016
  8.647270190040627E-017 -2.859527759399165E-017 -3.232861634247146E-016
  0.369102255618225      -1.879726251728630E-015  2.455063170296879E-015
  1.297494045720060E-015  1.636246492092943E-016 -7.273643642142082E-002
  1.849553877462572E-016 -2.414220440634633E-016 -1.278858249933861E-016
  0.369102255618224       1.209738280442479E-015  3.832475425981373E-015
  8.662687121734379E-017  1.850367032700384E-016 -7.273643642142073E-002
 -1.181123186804767E-016 -3.746000452211764E-016  0.231524014692050     
 -4.565183121508009E-015 -2.945308920166036E-017 -2.414272023488384E-016
 -1.179967946150702E-016 -5.238034510546975E-002  4.541725084915075E-016
  0.369102255618222      -3.235270590596024E-016 -1.279379175895097E-016
 -3.746116613698604E-016  4.543801062669387E-016 -7.273643642142037E-002
  3.050303837581508E-003 -1.649147410271956E-017 -8.985769592912432E-018
  3.717963791718519E-018  3.290448582874510E-017  3.686632159292989E-003
 -1.872853388154452E-017  2.440345067943018E-017  1.294906488024950E-017
  3.686632159292986E-003  1.179484338344179E-017  3.756967008876377E-017
  3.050303837581506E-003 -4.653832833214985E-017  3.686632159292967E-003
   1.00449498249703      -8.543072471458826E-003 -3.067689565211552E-026
 -9.531964089966530E-026 -1.489387065047807E-025 -6.486368903113989E-025
  1.550963648536927E-025 -7.113964137551574E-025 -3.246250800632563E-018
  1.410839252770444E-019 -7.883994376896480E-019  2.372252981317486E-018
  1.927790957034144E-018  4.696163007803274E-019 -2.498747194400186E-020
  1.059379799327678E-019 -3.120470164336334E-019 -2.670697231537927E-019
  0.432193039413098       6.035436280168675E-024 -2.274746684520826E-024
  3.699160308198851E-024  3.278508247616840E-025  5.428372769879244E-025
  6.394921869341697E-025 -1.000035373510309E-016  5.366800753803247E-018
 -2.901446888803889E-017  8.946400188812774E-017  7.138705937161792E-017
  1.737486145669139E-017 -7.250602028496811E-019  4.170272948073066E-018
 -1.093306742937708E-017 -1.025000936235318E-017   1.01158690503737     
 -2.292969587185271E-015  4.402045942176574E-016 -1.822331373129808E-002
  2.065932439755442E-017 -3.513640221498269E-018 -2.657569817585646E-024
  8.378912113220679E-026 -1.856796207078293E-024  2.917833078737190E-024
  1.735847905216493E-024  1.586947437863540E-023 -7.870570740114861E-025
  1.325530886153148E-023 -1.464489043878662E-023 -1.056528036634535E-023
   1.01158690503737      -8.471877916063988E-016  2.065932439755442E-017
 -1.822331373129805E-002  7.387986299864148E-018  3.031328095057946E-024
  7.754818242684634E-026  2.947288868240646E-024 -2.966866820327364E-024
 -1.738110435140664E-024 -1.084883878119313E-023 -1.550963648536927E-024
 -5.794240195112257E-024  1.049508225790534E-023  3.124635018811598E-024
   1.01158690503737      -3.506017028695181E-018  7.381209994947942E-018
 -1.822331373129806E-002 -2.928921322171680E-024 -2.469439549908063E-025
 -2.569646465876841E-024  3.846298922797126E-024  1.575879792976113E-024
 -2.511626862580917E-024 -5.678042581732726E-025 -3.037384410872186E-024
  2.148578006051750E-024 -5.106150074056105E-025  8.572940174615896E-003
 -1.943133830778052E-017  4.324452754386634E-018 -7.768176113219010E-025
 -4.992169182110261E-025 -1.401405040001441E-024  1.513904219555241E-024
  4.435662103250102E-025  9.204406982922521E-025 -4.772656550833437E-026
  8.277519922046566E-025 -1.474946003605479E-024 -1.065992406948154E-024
  8.572940174615891E-003 -7.516615330257118E-018 -2.520317245774380E-024
 -2.326445472805390E-025 -2.471484015794981E-024  2.783119858521540E-024
  1.465738583679275E-024  9.476331317276729E-025 -1.033975765691285E-025
  1.621019506531339E-024 -8.973110919545672E-025 -1.010695886189374E-024
  8.572940174615891E-003  2.368997047209092E-024  3.165812580320793E-026
  2.418723149092290E-024 -3.266933239925983E-024 -1.778092269172947E-024
 -2.001946861361714E-024 -1.589851699340552E-026 -1.932446671681377E-024
  2.930167929679016E-024  1.035961042722609E-024  0.231359101556613     
 -1.668233941043436E-015 -8.562774989338367E-016  2.399001666373391E-016
  3.267653327854178E-015 -5.235801301943395E-002  1.636222971456777E-016
  8.644352512357591E-017 -2.837846177980937E-017 -3.231535091250800E-016
  0.368951925880644      -1.878845565370411E-015  2.453476248894352E-015
  1.297024074504202E-015  1.636071289409148E-016 -7.271954722922727E-002
  1.849276225045268E-016 -2.413988907592710E-016 -1.279084489493859E-016
  0.368951925880644       1.209332291977241E-015  3.830057018888658E-015
  8.662313110655905E-017  1.849005166908226E-016 -7.271954722922716E-002
 -1.181331574121127E-016 -3.745106854813535E-016  0.231359101556613     
 -4.563266297811523E-015 -2.945306832890447E-017 -2.413740062066898E-016
 -1.179634434167569E-016 -5.235801301943389E-002  4.540434741373327E-016
  0.368951925880642      -3.234316481435576E-016 -1.279592706988812E-016
 -3.744943499305856E-016  4.542477281011127E-016 -7.271954722922684E-002
  3.049885748892641E-003 -1.649003252727200E-017 -8.980252940302213E-018
  3.636651477495663E-018  3.289938273164496E-017  3.686390548526985E-003
 -1.872683388375927E-017  2.440238347215063E-017  1.295329500476833E-017
  3.686390548526979E-003  1.179187012875888E-017  3.756534134031873E-017
  3.049885748892640E-003 -4.653577596257191E-017  3.686390548526962E-003
