   1.00016984250829       2.325945287867792E-002 -3.445192975876128E-029
 -1.572791429784392E-029 -6.376306376370613E-029 -7.445550289834471E-031
 -2.051038353574631E-029 -2.253590152395741E-029 -3.948337111704801E-018
  1.761828530288945E-019 -1.051387067445525E-018  2.895015984487039E-018
  2.607774883896090E-018  4.950930144738599E-019 -2.138758191817108E-020
  1.523484210461772E-019 -3.966967727023925E-019 -3.734122847423103E-019
  0.557231176890856       3.282993154716403E-028  1.665729105180743E-028
  3.633658353783352E-028 -1.147097337564409E-028 -1.877488954426008E-028
 -2.571975619597367E-028 -9.581972852826859E-017  7.806255641895632E-018
 -2.767552775858842E-017  8.140096014583209E-017  6.977900315273137E-017
  1.185227329930885E-017 -7.318364664277155E-019  4.522129368218582E-018
 -1.081570107231182E-017 -1.132828861281628E-017   1.01452156414205     
 -2.299627644602554E-015  4.413623754307268E-016 -5.265016186828305E-003
  5.955923664340061E-018 -4.967929765486103E-019  2.180995655613113E-025
  4.769001756578585E-026  1.613062655610289E-025  2.562344696917483E-025
  6.062982979449942E-026 -3.309706205921888E-025 -1.318075503142050E-026
 -3.469808661463384E-025  3.202315788070678E-025  1.757170841563813E-025
   1.01452156414205      -8.495905365286296E-016  5.955923664340061E-018
 -5.265016186828295E-003  1.849259611155311E-018 -1.204070418152100E-024
  3.877409121342317E-026 -1.132968460902788E-024  1.183220453212192E-024
  8.690136261047228E-025  6.194333736650434E-025 -1.938704560671159E-026
  6.324155207235986E-025 -5.881505916821922E-025 -4.914602014413673E-025
   1.01452156414205      -4.832404493900334E-019  1.849259611153630E-018
 -5.265016186828293E-003  1.066186582477456E-024 -1.786858868304030E-026
  1.003947011373195E-024 -1.653224364849498E-024 -5.270777943015037E-025
 -7.167473777253642E-025  9.498401689335679E-027 -7.358944714657236E-025
  1.162108889242727E-024  4.592800592506346E-025  1.216994824324454E-002
 -2.762117622529597E-017  6.099641305257965E-018  6.472373091558138E-025
 -5.583963758963997E-027  7.554778312273580E-025 -7.421215711290562E-025
 -3.924413176409755E-025  2.409712156770352E-025 -8.127540078932993E-027
  3.497441662044448E-025 -5.094876859317102E-025 -2.364255310892100E-025
  1.216994824324452E-002 -1.067058183285377E-017 -1.061521768264014E-024
 -4.523643974899370E-026 -1.087791422272629E-024  9.779421411839220E-025
  8.601295668974047E-025 -1.359550454102481E-026 -8.077935669463161E-027
 -6.721651234155645E-026 -1.391513876750412E-026  5.635478063279400E-026
  1.216994824324452E-002  1.315732618095839E-024 -1.694965458410445E-026
  1.333973241500925E-024 -2.095206232499798E-024 -8.242952905326393E-025
  2.109844022436564E-025 -6.373514594669906E-028  2.831467420037413E-025
 -3.709818637410566E-025 -1.821941545888393E-025  0.927284718138489     
 -3.792572252621575E-015 -2.375358027510687E-015  1.224946510547070E-015
  7.770773696998899E-015 -7.454643800008084E-002  2.040863701036698E-016
  1.106888666088868E-016 -4.209847998014966E-017 -4.087494403858843E-016
  0.845209708817836      -4.308081572313977E-015  5.625895156001554E-015
  2.982663375550622E-015  2.041075074117539E-016 -9.158843960909228E-002
  2.318581423344041E-016 -3.026240287221488E-016 -1.602380187197203E-016
  0.845209708817835       2.947208829387537E-015  8.757226170332798E-015
  1.111657795165093E-016  2.318615309906684E-016 -9.158843960909209E-002
 -1.454081586544146E-016 -4.674180703676881E-016  0.927284718138488     
 -1.122285339506178E-014 -4.306854459334856E-017 -3.026342401634132E-016
 -1.452685150752760E-016 -7.454643800008075E-002  5.764899360455520E-016
  0.845209708817831      -4.091801647327394E-016 -1.602227729129621E-016
 -4.674212951907941E-016  5.766437974174319E-016 -9.158843960909170E-002
  3.241495946629549E-003 -1.561691666808200E-017 -8.701662523883030E-018
  3.889808162820117E-018  3.160355760565720E-017  3.531433912377836E-003
 -1.785076194097559E-017  2.326568297047357E-017  1.235193272318581E-017
  3.531433912377833E-003  1.090409295489134E-017  3.557782027385118E-017
  3.241495946629549E-003 -4.480779519758084E-017  3.531433912377815E-003
   1.00016991640794       2.325986764757132E-002  2.387994775124053E-026
 -2.908056841006738E-026 -8.173071773241995E-027 -4.992786156118108E-027
  6.866245319043687E-027  1.217449934988265E-027 -4.070311114746328E-018
  1.744887871343859E-019 -1.046323596900595E-018  2.779821181842998E-018
  2.612862524510744E-018  6.170649532042997E-019 -2.054054897091678E-020
  1.527699018898406E-019 -5.110451463494837E-019 -3.734103902815562E-019
  0.557234546781496      -1.223665082010385E-025  2.197198502093980E-025
  3.571142729732632E-026  6.740832683279483E-027 -9.289626019882635E-027
 -8.382813682605429E-028 -8.286334388440393E-017  7.806255641895632E-018
 -2.762103017850924E-017  8.058758360625079E-017  6.977892998812962E-017
  1.532170085277094E-017 -7.318364664277155E-019  4.501763220740188E-018
 -1.171014199995699E-017 -1.135537388502193E-017   1.01452172612631     
 -2.299631036524799E-015  4.413759292739013E-016 -5.264333996490913E-003
  5.955913269719513E-018 -4.832375181564382E-019  1.653067653701424E-025
 -7.769026538965633E-027  2.181679816161409E-025 -2.852216637966633E-025
 -1.381122226996134E-025  6.595541410476159E-025 -4.276590835346931E-026
  8.296520126669471E-025 -1.228577837589328E-024 -5.726555297587083E-025
   1.01452172612631      -8.495973155961648E-016  5.955913269719513E-018
 -5.264333996490909E-003  1.849251912735251E-018 -1.227686580614596E-025
  0.000000000000000E+000 -1.434519420155039E-025  9.839489742045226E-026
  1.008975068290966E-025 -4.473919009024312E-025 -6.462348535570529E-026
 -5.352709202006840E-025  3.423368254708009E-025  4.096369324498757E-025
   1.01452172612631      -4.976370782654214E-019  1.849251912735176E-018
 -5.264333996490911E-003  2.252706175105413E-025 -1.737654164485376E-027
  2.669311775678548E-025 -3.788360447970533E-025 -1.567347083667345E-025
  8.982754700010788E-025 -7.398987576529941E-027  9.898266467918088E-025
 -1.484243284161694E-024 -6.608288178429831E-025  1.217013551786662E-002
 -2.760762623405422E-017  6.097949496037493E-018  5.881875913537107E-025
 -1.579717793488721E-026  8.103494387084108E-025 -1.259361137930785E-024
 -5.744757014795367E-025  6.915574032696322E-025 -2.100231133011972E-026
  8.486349006223698E-025 -1.159444537734846E-024 -5.564207284106884E-025
  1.217013551786662E-002 -1.067058385332983E-017 -4.104874973710413E-026
 -1.938704560671159E-026 -1.465740526639870E-025 -5.512825878856016E-026
  1.059293365458387E-025 -5.439134779825608E-025 -2.584939414228211E-026
 -6.348106998810141E-025  4.586460935511301E-025  5.045116598573624E-025
  1.217013551786662E-002  5.523947304275251E-025 -1.362541062537972E-027
  6.513863157673122E-025 -9.056034177472242E-025 -4.158664553972193E-025
  9.733488760646267E-025 -9.149399785652560E-027  1.105671075882391E-024
 -1.604386849757962E-024 -7.020963394326446E-025  0.927291173318826     
 -3.793293774633849E-015 -2.375168683380884E-015  1.193721658108205E-015
  7.771153340482239E-015 -7.454415492535414E-002  2.040801136653916E-016
  1.106863065447651E-016 -4.199005850255241E-017 -4.087337375278620E-016
  0.845222932414078      -4.308085122943655E-015  5.627094992100091E-015
  2.982665661644685E-015  2.040813360444665E-016 -9.158741300354584E-002
  2.318546961231775E-016 -3.026605976559955E-016 -1.602362767439844E-016
  0.845222932414077       2.945799940713992E-015  8.757228132197453E-015
  1.111657635592397E-016  2.318614725255644E-016 -9.158741300354568E-002
 -1.453988532034909E-016 -4.674129167528609E-016  0.927291173318826     
 -1.122290776613243E-014 -4.274328507235689E-017 -3.026036417536396E-016
 -1.452439547147477E-016 -7.454415492535413E-002  5.764806068471859E-016
  0.845222932414073      -4.091394740612364E-016 -1.602244184910383E-016
 -4.674263065599437E-016  5.766353178978890E-016 -9.158741300354524E-002
  3.241449926540121E-003 -1.561471986754640E-017 -8.700603422007774E-018
  3.930464785040962E-018  3.159974425392744E-017  3.531379370643756E-003
 -1.784355437928217E-017  2.326905528718175E-017  1.235023335504633E-017
  3.531379370643750E-003  1.090800969626988E-017  3.557612061599462E-017
  3.241449926540117E-003 -4.480737080984009E-017  3.531379370643733E-003
   1.00365765275981       1.393849222411235E-003  9.499085263274710E-030
 -1.183291357831518E-029  3.831170805605449E-030 -1.177467510598943E-029
  9.071900410041636E-030 -5.110241811731790E-030 -4.180999369033550E-018
  1.948175778684891E-019 -1.057035577235853E-018  3.047119510771235E-018
  2.645580542256553E-018  6.273285305016565E-019 -2.985791139071409E-020
  2.019463201104182E-019 -5.913631745966312E-019 -4.897816040259177E-019
  0.547993278923791      -9.647909741167823E-029  7.257520328033309E-029
 -5.405484885507545E-029 -1.091903628084586E-028  1.135959703518257E-028
 -4.633971995258850E-029 -1.060124780918461E-016  7.480994990149981E-018
 -3.779266511982220E-017  9.978888751051709E-017  9.487881747064985E-017
  2.030385794860511E-017 -8.809142651444724E-019  5.942128229871591E-018
 -1.945529033642947E-017 -1.445049709720050E-017   1.01324417226846     
 -2.296730713933977E-015  4.408712293036978E-016 -1.155641995720287E-002
  1.309200354798441E-017 -1.816638318418148E-018  1.832390647722931E-025
 -1.982463527631468E-027  1.026084143443166E-025  1.062198418585433E-025
  1.088060476902573E-026 -1.216873358944687E-024  2.665817110836286E-026
 -1.450266507165745E-024  9.463864384605286E-025  5.994098174231949E-025
   1.01324417226846      -8.485266764328070E-016  1.309200354798441E-017
 -1.155641995720286E-002  4.462412817436783E-018 -8.120030782640716E-025
 -6.462348535570529E-027 -7.761131382750665E-025  8.344088814439275E-025
  6.195308629908121E-025  2.644180231535300E-024  7.754818242684634E-026
  2.628802202724832E-024 -2.489982289221889E-024 -1.988213217112648E-024
   1.01324417226846      -1.809862054841128E-018  4.455636553859395E-018
 -1.155641995720286E-002  7.154872218055683E-025 -1.234982725115260E-026
  7.408303714266937E-025 -1.151308615115375E-024 -4.133939542473656E-025
 -2.960732821931748E-024  4.065415604257112E-026 -2.908607551944536E-024
  4.668585190676684E-024  1.827368660103898E-024  1.239685386030074E-002
 -2.810320679360751E-017  6.211139511845656E-018  3.189209956472507E-026
  5.501848543637516E-027  1.236890859852773E-025 -3.194648019751758E-025
 -1.397485232514973E-025 -1.715785941405258E-026  3.292023400141765E-027
 -4.282038117284162E-026  1.114344884146462E-025  4.545796350809216E-026
  1.239685386030073E-002 -1.082219856168422E-017  4.573424708029479E-025
  9.693522803355793E-027  4.109413548284754E-025 -4.530780090830119E-025
 -2.963446554605041E-025 -1.029660476938624E-025  2.423380700838948E-027
 -9.406320358745487E-026  1.142659469338465E-025  6.902811503042045E-026
  1.239685386030073E-002 -2.935361914806560E-025  6.769772166516682E-027
 -2.559132221079016E-025  4.422884833370784E-025  1.347694989741186E-025
  5.683077813402988E-026 -1.583044018202453E-027  4.553460717513814E-026
 -8.603585483300308E-026 -2.215648843296987E-026  0.257012360383060     
 -2.277441138516554E-015 -1.100749359356106E-015  2.708775744825317E-016
  4.412510926112336E-015 -6.832489552798759E-002  2.117479083595198E-016
  1.113663814076612E-016 -3.849082393385997E-017 -4.202421984215723E-016
  0.502965255133187      -2.549538664636740E-015  3.321901191748346E-015
  1.757744470466777E-015  2.117398386439577E-016 -9.452396442141517E-002
  2.393333214119102E-016 -3.121227732753980E-016 -1.651876712904007E-016
  0.502965255133186       1.645784256923276E-015  5.208937611361681E-015
  1.114044408740851E-016  2.392791112992263E-016 -9.452396442141509E-002
 -1.523264670073340E-016 -4.848832106203532E-016  0.257012360383059     
 -6.143745777207882E-015 -3.940518773360748E-017 -3.120474930148098E-016
 -1.522294720523644E-016 -6.832489552798758E-002  5.909399645687173E-016
  0.502965255133184      -4.203207120657067E-016 -1.652431519422709E-016
 -4.848673775453854E-016  5.908948376535395E-016 -9.452396442141463E-002
  4.709150920527378E-003 -2.106571906335063E-017 -1.220882638043221E-017
  5.675283890951288E-018  4.307572330177720E-017  4.770173308611072E-003
 -2.410987189869018E-017  3.148186497974481E-017  1.667808091640013E-017
  4.770173308611067E-003  1.499402354524900E-017  4.826277657632441E-017
  4.709150920527376E-003 -6.130150608901487E-017  4.770173308611042E-003
   1.00365800719333       1.391787787741283E-003  1.825630486444525E-028
 -1.640830682859705E-028  2.022117124996149E-029 -4.171043598006032E-027
  4.644813009941318E-027  3.951786363146506E-028 -3.625344423317821E-018
  1.948175778684891E-019 -1.057030917910740E-018  2.843829827007659E-018
  2.645684810252455E-018  7.255849421444396E-019 -2.901087844345979E-020
  2.019492299065017E-019 -5.981402245230445E-019 -4.897839116660114E-019
  0.547994240871347      -1.383542381450512E-027  1.817535525629211E-027
  1.625565675260635E-028  5.856369258498559E-027 -6.058451752097371E-027
 -2.024585017153181E-028 -1.073134877877491E-016  7.480994990149981E-018
 -3.768407004851890E-017  1.206055253407993E-016  9.487878687586822E-017
  2.100858909840161E-017 -8.809142651444724E-019  5.915014683576904E-018
 -1.766635640206962E-017 -1.442339054722453E-017   1.01324415657217     
 -2.296730712187994E-015  4.408708050178113E-016 -1.155644913152946E-002
  1.309200567220006E-017 -1.816638803396272E-018  3.253376942288424E-025
 -7.019728627893657E-027  4.240795449391083E-025 -5.534666121464696E-025
 -2.625917718173625E-025 -1.884841004760396E-024  7.190207721680724E-026
 -2.589185937700177E-024  3.877883064933879E-024  1.772144316459161E-024
   1.01324415657217      -8.485334514229031E-016  1.309211155131846E-017
 -1.155644913152945E-002  4.455638110228692E-018 -2.882530631788038E-025
 -1.292469707114106E-026 -3.189369121103508E-025  2.292410527180458E-025
  2.446325426975203E-025  7.238055686734594E-025  2.584939414228211E-026
  1.037368559806192E-024 -4.243909307552116E-025 -8.191603519259358E-025
   1.01324415657217      -1.809862539809283E-018  4.452249978445009E-018
 -1.155644913152945E-002  4.840118156882453E-025 -4.615917441977037E-027
  5.237902158206055E-025 -7.912710785903888E-025 -3.100627775965515E-025
 -2.172474702376805E-024  1.342955079028014E-026 -2.554623458915068E-024
  3.660410039523319E-024  1.658273382045034E-024  1.239689152694699E-002
 -2.810320619430658E-017  6.217491761857905E-018  8.783143207901463E-026
 -4.042895112549383E-027  1.545996520938012E-025 -3.066771747605411E-025
 -1.275655657914263E-025 -1.464554417067073E-026  5.618013358091141E-028
 -3.463072607328448E-026  6.805350719387381E-026  2.900533572512452E-026
  1.239689152694698E-002 -1.082897436803032E-017  1.556244211574761E-025
 -7.674038885990003E-027  1.344080214206381E-025 -1.883814471255720E-025
 -9.800343991738641E-026 -5.222013530643905E-026  6.058451752097371E-028
 -4.208660504884498E-026  5.636556935121671E-026  3.212763238961150E-026
  1.239689152694698E-002 -4.633199457123570E-026  2.387086998709255E-027
 -1.034304112169812E-026  4.996316361376962E-026 -6.988513851619819E-027
  2.292039451516738E-026 -7.142230277586557E-028  1.309111778786480E-026
 -3.423454867033277E-026 -4.698546543695296E-027  0.257018637690084     
 -2.277215289066557E-015 -1.100640888493530E-015  2.812859226356175E-016
  4.412578974775131E-015 -6.832603930111583E-002  2.117551416193863E-016
  1.113731656041803E-016 -4.033396559089008E-017 -4.203574192275472E-016
  0.502973774122555      -2.549593748112143E-015  3.321737556128897E-015
  1.757934796867200E-015  2.117275219416031E-016 -9.452496190345733E-002
  2.393333624862050E-016 -3.122067067999418E-016 -1.652082412397322E-016
  0.502973774122555       1.645635076003759E-015  5.208938993217043E-015
  1.114230839560104E-016  2.392791523740077E-016 -9.452496190345724E-002
 -1.522968164686472E-016 -4.848900827519381E-016  0.257018637690084     
 -6.143881460982734E-015 -4.070623191449040E-017 -3.120651104189077E-016
 -1.522548816643727E-016 -6.832603930111579E-002  5.909433652196293E-016
  0.502973774122552      -4.203512320631182E-016 -1.652431813434359E-016
 -4.848776377652777E-016  5.908965399294359E-016 -9.452496190345674E-002
  4.709194806916235E-003 -2.106825013566591E-017 -1.221136870643227E-017
  5.770151396164209E-018  4.308334828173409E-017  4.770195036373362E-003
 -2.411664875226331E-017  3.148555932507156E-017  1.667135828965442E-017
  4.770195036373356E-003  1.499529401923055E-017  4.826278249095175E-017
  4.709194806916233E-003 -6.130235386419560E-017  4.770195036373333E-003
