   2.00204460039554       3.204046984182731E-002  4.157702766603909E-025
 -1.809457589959748E-025  1.875496329603103E-025  2.842511019921562E-026
 -3.069615554396001E-026  1.744053441312264E-026 -4.627504110900352E-018
  3.964114193150126E-019 -1.345513533783194E-018  4.095339449058936E-018
  3.396654071084433E-018  5.297344928585921E-019 -4.150461441546072E-020
  1.354916871126341E-019 -4.671317286638564E-019 -3.775618632707909E-019
  0.857536755673571      -1.897296649205050E-024  9.305781891221561E-025
 -1.301162603231518E-024  1.237221204452262E-025 -5.816113682013476E-026
  7.816275132386024E-027 -1.739466960673729E-016  1.734723475976807E-017
 -6.383931078617162E-017  1.840794722108036E-016  1.660870904138342E-016
  3.126105000037576E-017 -1.416239087809190E-018  6.981242667864066E-018
 -2.256330169233995E-017 -1.731119247014219E-017   2.02431026705431     
 -4.588513629877425E-015  8.807003752848327E-016 -2.507658691750660E-002
  2.842754434908755E-017 -4.779017192300562E-018  1.952762339810659E-024
 -1.533308941188349E-025  4.326184412260518E-024 -8.919420999705729E-024
 -3.676488826686042E-024 -6.262416907748855E-025  9.141496260923826E-027
 -1.361855807636056E-024  2.623241050504475E-024  1.126408490360914E-024
   2.02431026705430      -1.695206009170608E-015  2.842754434908755E-017
 -2.507658691750658E-002  1.016916358525785E-017  5.950068574684507E-024
 -1.809457589959748E-025  5.489092695778489E-024 -6.864983141698349E-024
 -3.919105727768608E-024 -1.948793096165071E-024 -6.462348535570529E-027
 -1.405762155475207E-024  1.876761875081386E-024  1.064623861800223E-024
   2.02431026705430      -4.765464654607362E-018  1.018949237616312E-017
 -2.507658691750658E-002 -3.158925644240448E-024  5.887147303154843E-026
 -1.608508976229122E-024  3.600352252663574E-024  3.833887924793317E-025
  6.135535362541427E-025  1.240188302408384E-026  2.562300922978495E-025
 -8.562789697340278E-025 -4.194949636728119E-026  1.492627126804482E-002
 -3.384087611599453E-017  7.437892486218048E-018  1.408363039207266E-024
 -1.250408392307474E-025  2.888021643851570E-024 -5.482245784907163E-024
 -2.317638549523673E-024  4.110408770292083E-028 -3.833401857729104E-026
 -4.761218465268525E-025  1.597270132478416E-024  5.816991142538205E-025
  1.492627126804480E-002 -1.304339538775414E-017  2.932197888692981E-024
 -9.047287949798740E-026  2.491138320330191E-024 -3.427075160934708E-024
 -1.752053399838624E-024 -2.157250883850871E-024  5.169878828456423E-026
 -2.005486787584657E-024  2.245178471493773E-024  1.502520399989628E-024
  1.492627126804481E-002 -9.212064670208712E-025  4.563989601074613E-026
 -1.617659620620222E-025  9.510455520895675E-025 -6.302189745975105E-026
  1.535715537976171E-024 -3.047833732383716E-026  1.406579105342469E-024
 -2.347226427256000E-024 -6.862821492407019E-025   1.12168846260964     
 -6.130072404572352E-015 -3.334919340297169E-015  9.641461519584336E-016
  1.233826000362797E-014 -0.130589428674314       3.752497556550044E-016
  2.011556785388727E-016 -7.006108955127176E-017 -7.475921009548773E-016
   1.38328333308764      -6.982469103163747E-015  9.168263632641842E-015
  4.827938129474280E-015  3.752273731299056E-016 -0.168042493797085     
  4.260120087535609E-016 -5.569189444230533E-016 -2.945401369446794E-016
   1.38328333308763       4.254414850117439E-015  1.414774959792007E-014
  2.017121048872639E-016  4.260221736911507E-016 -0.168042493797084     
 -2.654904002645571E-016 -8.596620884781443E-016   1.12168846260964     
 -1.724272327694532E-014 -7.142367983183867E-017 -5.566732342478048E-016
 -2.654079935209146E-016 -0.130589428674314       1.050159120003476E-015
   1.38328333308763      -7.477880680239874E-016 -2.945299720204382E-016
 -8.596540072032985E-016  1.050264855772042E-015 -0.168042493797083     
  4.799297201439453E-003 -2.683862136513700E-017 -1.434557587738867E-017
  5.731899885469871E-018  5.336930105716859E-017  6.007851747364301E-003
 -3.045580589382448E-017  3.969802070047474E-017  2.108018632676831E-017
  6.007851747364288E-003  1.894503905834855E-017  6.099557242383666E-017
  4.799297201439447E-003 -7.534973087012261E-017  6.007851747364261E-003
   2.00204632205844       3.202928416378719E-002 -4.459533983261455E-026
  2.908056841006738E-025  1.959654260329691E-025  1.121836211797852E-027
 -9.370405376577267E-026 -8.487433176039181E-026 -3.976990450574159E-018
  3.964114193150126E-019 -1.348877968039543E-018  3.858180414714544E-018
  3.396655159768835E-018  4.016182804057267E-019 -4.150461441546072E-020
  1.418310183164473E-019 -4.674460604448734E-019 -3.792528248443439E-019
  0.857535748112122      -2.325631658549158E-025 -1.654361225106055E-024
 -1.031290242785337E-024  1.210422898050372E-025  8.562611809630951E-026
  2.479619121081649E-025 -1.394690781118894E-016  1.734723475976807E-017
 -6.383957387679953E-017  2.083656157138863E-016  1.647860949017056E-016
  2.421371746610836E-017 -1.402686560653121E-018  6.967684460316335E-018
 -2.329511360795217E-017 -1.729762894308032E-017   2.02431019361368     
 -4.588513626001671E-015  8.806935983053242E-016 -2.507722542214868E-002
  2.842077963271518E-017 -4.765467012606004E-018  1.634141539821519E-024
 -1.465424277688485E-025  3.383562580800765E-024 -6.611019317776141E-024
 -2.727756602798735E-024 -4.534932697554755E-025  5.979528099289140E-026
 -1.056877895537734E-024  2.461683253802929E-024  9.485508524317839E-025
   2.02431019361368      -1.695199230056383E-015  2.842755589629321E-017
 -2.507722542214863E-002  1.018950067129277E-017  3.943301943805705E-024
 -1.292469707114106E-025  3.049866612167208E-024 -4.085896723957484E-024
 -2.103223783142205E-024 -1.925730378163047E-024  2.584939414228211E-026
 -1.615278184512442E-024  2.113121990548935E-024  1.191674079247907E-024
   2.02431019361368      -4.779019543507543E-018  1.016917188053733E-017
 -2.507722542214862E-002 -1.175486780804615E-024  5.088572003664683E-026
 -2.444678607717564E-025  8.187834274386414E-025 -2.339686865866165E-025
  9.284800806665610E-025 -3.814401406671671E-026  5.182708287226772E-025
 -1.131430628251032E-024 -2.313055469357079E-025  1.492630246517347E-002
 -3.384765406433877E-017  7.437046638787463E-018  6.476343068725982E-025
 -1.092565856399719E-026  6.996926353032505E-025 -3.915536244183328E-025
 -3.193652973921954E-025  2.936916285373148E-025  2.128549775754318E-026
  9.496182761401293E-026  4.904781108775765E-025  1.381720986686917E-025
  1.492630246517345E-002 -1.304339674925337E-017 -1.694266895502665E-024
 -1.292469707114106E-026 -1.684624795158625E-024  1.583707105369767E-024
  1.286964924163548E-024 -1.800086818533817E-024  6.462348535570529E-026
 -1.683942610488873E-024  1.806656750861862E-024  1.169040625251308E-024
  1.492630246517345E-002  1.434456742590141E-024 -9.418363102403316E-026
  1.502319656746924E-024 -2.390475413546795E-024 -9.988598684092756E-025
  1.500852417664336E-024 -1.985506028882679E-026  1.432937212240663E-024
 -2.371338117637597E-024 -7.984351309088497E-025   1.12168757573857     
 -6.130116609999773E-015 -3.335027742331039E-015  9.398600177408115E-016
  1.233869364508661E-014 -0.130589852113448       3.752513626949571E-016
  2.011827895024808E-016 -7.049476912660340E-017 -7.475785662345810E-016
   1.38328400645256      -6.981601827971184E-015  9.170538989290807E-015
  4.827097927305848E-015  3.752266644260348E-016 -0.168044118074192     
  4.260256452062998E-016 -5.568846623050319E-016 -2.945308736204742E-016
   1.38328400645255       4.253872724811395E-015  1.414774979598547E-014
  2.016782369893064E-016  4.260154816406795E-016 -0.168044118074191     
 -2.653853613859177E-016 -8.596622861860513E-016   1.12168757573857     
 -1.724285878187435E-014 -7.055632060562572E-017 -5.567351923968554E-016
 -2.653910475071654E-016 -0.130589852113448       1.050162519965900E-015
   1.38328400645255      -7.477474286597004E-016 -2.945300259444840E-016
 -8.596575935598643E-016  1.050268256172825E-015 -0.168044118074191     
  4.799324387930830E-003 -2.684092064289174E-017 -1.434176500678063E-017
  5.908082240204250E-018  5.337099735116856E-017  6.007924674833060E-003
 -3.045581849505112E-017  3.969798669128207E-017  2.108188846286448E-017
  6.007924674833052E-003  1.893805034382329E-017  6.099897478490230E-017
  4.799324387930828E-003 -7.534973241226031E-017  6.007924674833021E-003
