   2.00232851116886       3.506813467487822E-002 -2.995663607943152E-025
  7.754818242684634E-026 -1.935425680775385E-025  5.250931875417682E-026
 -1.066287508369137E-025 -8.614998154776366E-027 -6.194942364075217E-018
  3.828588921589438E-019 -2.181441024474089E-018  6.597479820955850E-018
  5.508319075957801E-018  8.254700402268739E-019 -4.743384504624082E-020
  3.412111391032222E-019 -1.027217198207126E-018 -8.501698981333190E-019
   1.10746199286349       1.343487213081515E-024 -5.169878828456423E-025
  1.141382406276616E-024 -5.283492190985044E-026  4.135903062765138E-025
  2.834352578712148E-025 -2.071346984274912E-016  2.103352214621879E-017
 -7.641785664166650E-017  2.079110011091510E-016  1.878041022243061E-016
  3.419537850650547E-017 -1.707618421664669E-018  1.002577894004450E-017
 -2.886098447998102E-017 -2.518275173047556E-017   2.02714782784243     
 -4.594942013644168E-015  8.819173613486484E-016 -1.582753523925471E-002
  1.792459543928214E-017 -2.186990700542991E-018  1.488196020608824E-024
 -1.627251950029176E-025  2.861672125824391E-024 -5.662535107890936E-024
 -2.567963006645205E-024 -1.500730919809703E-024  7.363186020861248E-027
 -1.902796203308660E-024  3.434215620696089E-024  1.421428716681729E-024
   2.02714782784243      -1.697548986631063E-015  1.792459543928214E-017
 -1.582753523925470E-002  5.928433545753940E-018  6.209360441225390E-024
 -2.584939414228211E-026  5.373824256453308E-024 -6.960828153710798E-024
 -3.889215849329503E-024 -2.134481015801213E-024 -2.584939414228211E-026
 -1.366429157044017E-024  2.889057011305421E-024  4.407790813330595E-025
   2.02714782784243      -2.186990785223997E-018  5.928433541752206E-018
 -1.582753523925470E-002 -2.445521532144622E-024 -1.790849158494072E-026
 -2.037207817835733E-024  4.351110256798757E-024  7.409661502377308E-025
 -2.329970616084679E-024 -1.123002372434217E-025 -2.571959524759280E-024
  3.373747597721244E-024  1.499588884008087E-024  2.316237633511367E-002
 -5.256202883765661E-017  1.158038052029740E-017  3.969569983157386E-024
 -2.864812279848873E-025  7.320435755370548E-024 -1.625533831673956E-023
 -6.677661577702647E-024 -8.570727727923311E-025  8.258015156496277E-026
 -1.162480198706019E-024  1.853261118676913E-024  8.643233735394717E-025
  2.316237633511366E-002 -2.021750303727294E-017  1.143696409386413E-023
 -5.686866711302065E-025  1.005856300464752E-023 -1.302623756224924E-023
 -7.482108815573403E-024 -7.297514972223004E-025  8.643391166325582E-026
 -8.285482502776049E-025  1.138868942042711E-024  4.025787706386364E-025
  2.316237633511366E-002 -5.547371807181563E-024  2.344909353891652E-025
 -3.370043491191376E-024  7.355033195943560E-024  9.680933318637906E-025
 -2.392410998539632E-025 -2.609578640566122E-026 -4.022906025436700E-025
  4.897644939211347E-025  4.081922521996997E-025   1.20295190636876     
 -5.936180497894737E-015 -3.396500630173410E-015  1.111578471088142E-015
  1.204068979580874E-014 -0.162032768767065       4.175811021678904E-016
  2.334861619055448E-016 -9.237810908426161E-017 -8.425566404284104E-016
   1.33854036926287      -6.780530791067532E-015  8.921244650789809E-015
  4.687217325208360E-015  4.176036225736574E-016 -0.187845749611535     
  4.760528723563654E-016 -6.230526671523174E-016 -3.289961462300084E-016
   1.33854036926287       4.183628997466682E-015  1.373065693342077E-014
  2.334075655314898E-016  4.760528734043855E-016 -0.187845749611535     
 -2.966809235128896E-016 -9.603911121218234E-016   1.20295190636876     
 -1.690377526322527E-014 -8.986862701202491E-017 -6.230386216255162E-016
 -2.968423423091773E-016 -0.162032768767065       1.187902476141497E-015
   1.33854036926287      -8.423151159340360E-016 -3.290224040625418E-016
 -9.603756434297896E-016  1.187850795633507E-015 -0.187845749611534     
  7.992797299737092E-003 -3.532675259490959E-017 -2.049066782003626E-017
  9.684645519848346E-018  7.223302589811453E-017  8.011928760492710E-003
 -4.051980224232566E-017  5.293953895595892E-017  2.803914787058677E-017
  8.011928760492698E-003  2.483981580982694E-017  8.087892504632151E-017
  7.992797299737084E-003 -1.027402205216667E-016  8.011928760492658E-003
   2.00232710403633       3.507830482736941E-002  7.653931569203721E-026
  3.332148463653554E-026  8.269710133652815E-026 -7.186902116757423E-027
  1.050131637030211E-026  3.738381860969509E-027 -8.580184914657255E-018
  3.693063650028749E-019 -2.188240072028731E-018  6.028270708552865E-018
  5.501543494164357E-018  1.089737031424564E-018 -4.743384504624082E-020
  3.454289699177269E-019 -1.050924402936043E-018 -8.501624520549878E-019
   1.10745779584040      -2.664520607725457E-025  1.615587133892632E-025
 -3.169884326327400E-025  2.000161325570201E-025 -3.877409121342317E-026
  1.344262748813241E-025 -2.034484156027548E-016  2.103352214621879E-017
 -7.641760785244802E-017  2.105130924054019E-016  1.886714134828784E-016
  3.809850100965768E-017 -1.734723475976807E-018  9.971542326891122E-018
 -2.755993478260426E-017 -2.523695870939951E-017   2.02714780139042     
 -4.594942012883367E-015  8.819038086376664E-016 -1.582628517644241E-002
  1.792456948301427E-017 -2.161577048219219E-018 -6.759928161565222E-025
 -2.796418906898574E-027 -1.205742162909241E-024  2.534521593221146E-024
  1.191168180974759E-024  1.338517368022392E-025  1.034896216110980E-025
 -1.611123121299076E-025  5.317544279517906E-025  1.203621055181799E-025
   2.02714780139042      -1.697555762304574E-015  1.792456948301427E-017
 -1.582628517644239E-002  5.955519654992514E-018 -2.596704763670321E-024
 -6.462348535570529E-026 -2.490352880889245E-024  2.742798214600243E-024
  1.923791711321015E-024 -6.298335287728745E-025  2.908056841006738E-026
 -3.974136307941160E-025  8.537797935242355E-025  2.915548259479477E-025
   2.02714780139042      -2.186987906407413E-018  5.928414615166250E-018
 -1.582628517644239E-002  2.192649883614893E-024 -3.949992117457916E-026
  2.105179351604725E-024 -3.429503911381048E-024 -1.042091648203984E-024
 -4.406181431682059E-025 -8.772701676416533E-027 -5.777310762062710E-025
  7.149761552276828E-025  3.454779813216001E-025  2.316234653239899E-002
 -5.254678154608471E-017  1.154988762495575E-017  1.260115577448349E-024
  3.165656929745408E-025  5.335978341905817E-025  3.595965128806212E-025
 -7.114759238171940E-026  6.569630010991402E-026 -2.198851068041847E-026
  1.332774397726324E-025 -8.554760951015591E-026 -4.293822383460111E-026
  2.316234653239897E-002 -2.021750250819443E-017 -3.584687681778894E-024
  2.067951531382569E-025 -3.337624586663040E-024  4.094574630934715E-024
  2.383643694101561E-024 -2.724320591995742E-025  0.000000000000000E+000
 -2.884273533835789E-025  2.670479950022418E-025  2.184034664669273E-025
  2.316234653239897E-002  2.051649143804792E-024  4.914060850917184E-026
  1.663860638462804E-024 -2.898701027779200E-024 -9.283830698402674E-025
  3.383309532934014E-025  5.507279193916118E-027  3.578117110461713E-025
 -5.575068504160016E-025 -2.039802056930294E-025   1.20295080665814     
 -5.935953832142212E-015 -3.396500572949766E-015  1.139334069262734E-015
  1.204079818378876E-014 -0.162032341978130       4.175738901917872E-016
  2.335573266458750E-016 -8.804129821573976E-017 -8.425430783794189E-016
   1.33854011555520      -6.779663398075046E-015  8.920993537175055E-015
  4.688057558153007E-015  4.176824989028178E-016 -0.187845515393332     
  4.760392994223980E-016 -6.231332747721207E-016 -3.290232361240179E-016
   1.33854011555520       4.183303753865978E-015  1.373065690526881E-014
  2.334008150915911E-016  4.760528522611796E-016 -0.187845515393332     
 -2.967080318047452E-016 -9.603758848697999E-016   1.20295080665814     
 -1.690377524797306E-014 -8.748338131277878E-017 -6.231450253380111E-016
 -2.968999561754426E-016 -0.162032341978130       1.187904165684035E-015
   1.33854011555520      -8.423760933143824E-016 -3.289986722929477E-016
 -9.603892150796173E-016  1.187850787146852E-015 -0.187845515393331     
  7.992773558324506E-003 -3.533052783576508E-017 -2.048939942681466E-017
  9.386489780924748E-018  7.222455510909784E-017  8.011923803301102E-003
 -4.053335322568997E-017  5.293349002089064E-017  2.804592283702760E-017
  8.011923803301095E-003  2.483685166968078E-017  8.088570599072795E-017
  7.992773558324512E-003 -1.027393734353525E-016  8.011923803301057E-003
