   2.00204460039533       3.204046984167063E-002  4.157646163475968E-025
 -1.809457589959748E-025  1.875443816770405E-025  4.458346353083699E-026
 -3.069615554396001E-026  1.744280503348242E-026 -4.454709389858311E-018
  3.964114193150126E-019 -1.345513534006496E-018  4.085175053955667E-018
  3.396654071205529E-018  3.730333975360217E-019 -4.150461441546072E-020
  1.354916870335212E-019 -4.209684329311306E-019 -3.809499950032534E-019
  0.857536755676453      -1.897269526866450E-024  1.137373342260413E-024
 -1.507932535079225E-024  1.172721945939454E-025 -5.816113682013476E-026
 -1.802245439900734E-026 -2.027864738556628E-016  1.756407519426517E-017
 -6.373089056875926E-017  1.978488398016035E-016  1.647860478070102E-016
  2.253322251189440E-017 -1.416239087809190E-018  6.974466404241655E-018
 -2.156041468282680E-017 -1.732474499731663E-017   2.02431026705414     
 -4.588517018009151E-015  8.806935990214198E-016 -2.507658691775514E-002
  2.842754434907420E-017 -4.779017192330754E-018  2.416262543091159E-024
 -1.530170625049554E-025  4.274062241948504E-024 -8.996796291466139E-024
 -3.684302428128415E-024 -6.128437904973529E-025  2.841764938171139E-026
 -1.311782766459497E-024  2.655776505300174E-024  1.112391929121972E-024
   2.02431026705414      -1.695199232906996E-015  2.842754434907420E-017
 -2.507658691775512E-002  1.018271611238548E-017  6.054303035557314E-024
 -1.809457589959748E-025  5.528005769168505E-024 -7.072894140574845E-024
 -3.919231428608640E-024 -1.936164112389727E-024 -6.462348535570529E-027
 -1.403599730352227E-024  1.806070325584507E-024  1.064774786110325E-024
   2.02431026705414      -4.779017181852887E-018  1.016916358544519E-017
 -2.507658691775511E-002 -2.539259752257546E-024  6.672844704458146E-026
 -1.764255566360895E-024  3.702796362970985E-024  4.359833726802327E-025
  6.912303156942467E-025  2.604230868247982E-026  3.053883236704081E-025
 -8.556818544133728E-025 -6.118721235080774E-026  1.492627126807356E-002
 -3.384087611601783E-017  7.437892486119875E-018  1.409608480413172E-024
 -8.022938352790036E-026  2.900356537800393E-024 -5.754099908170249E-024
 -2.350359454535105E-024  7.804850920661262E-026 -3.841101221791123E-026
 -5.024524405263861E-025  1.525814807483315E-024  5.799073078183256E-025
  1.492627126807355E-002 -1.302984286060779E-017  2.750118838907281E-024
 -9.047287949798740E-026  2.472859821204507E-024 -3.541886380188679E-024
 -1.660562085560439E-024 -2.209154988510422E-024  5.169878828456423E-026
 -2.006497831189866E-024  2.374699197371833E-024  1.567245825855051E-024
  1.492627126807355E-002 -1.076085983573785E-024  7.110817786642725E-026
 -1.369874505235461E-025  8.485345614428425E-025 -6.887015701506127E-026
  1.561437992903931E-024 -2.978744302235139E-026  1.457488282603138E-024
 -2.386067605899312E-024 -6.863464406543450E-025   1.12168846259556     
 -6.130371978585589E-015 -3.335353021168719E-015  9.606767050060916E-016
  1.233885631482475E-014 -0.130589428673677       3.752880904159386E-016
  2.011760073298337E-016 -6.984424911381521E-017 -7.476327585360026E-016
   1.38328333308351      -6.981601741434251E-015  9.169214062452346E-015
  4.826230511057856E-015  3.752229970919949E-016 -0.168042493797540     
  4.260187850244461E-016 -5.568256159173173E-016 -2.945333606848909E-016
   1.38328333308351       4.254631690551271E-015  1.414688223617311E-014
  2.017121048859061E-016  4.260086211681193E-016 -0.168042493797539     
 -2.654192494975715E-016 -8.596620884721688E-016   1.12168846259556     
 -1.724272327694675E-014 -6.968895635391127E-017 -5.566751486619666E-016
 -2.654113816539269E-016 -0.130589428673677       1.050159120004001E-015
   1.38328333308350      -7.478287256040982E-016 -2.945299720235631E-016
 -8.596472309324609E-016  1.050264855771089E-015 -0.168042493797539     
  4.799297201448677E-003 -2.683982987707375E-017 -1.434557587734639E-017
  6.111370645485021E-018  5.337014808997982E-017  6.007851747395144E-003
 -3.046258215841718E-017  3.969922837266011E-017  2.107849226148875E-017
  6.007851747395137E-003  1.894355675124960E-017  6.099726648855795E-017
  4.799297201448673E-003 -7.534973087005155E-017  6.007851747395104E-003
   2.00204632205843       3.202928416252507E-002 -5.747736449574796E-026
  2.197198502093980E-025  2.477019455269896E-025 -1.180108695600480E-026
 -1.066287508369137E-025 -7.841592143056201E-026 -4.017648031999709E-018
  3.930232875259954E-019 -1.345489836225910E-018  4.147865682618640E-018
  3.410207686887979E-018  5.765305840057661E-019 -4.150461441546072E-020
  1.384428865216988E-019 -4.555875991726817E-019 -3.758646930499820E-019
  0.857535748115070       1.807427978789653E-025 -1.861156378244312E-024
 -7.213477741429403E-025  4.337152421705836E-026  8.401053096241687E-026
  1.703065451227580E-025 -2.131948258410951E-016  1.756407519426517E-017
 -6.459851539745869E-017  2.014267218102343E-016  1.660871375087657E-016
  2.773737452671297E-017 -1.402686560653121E-018  6.974460723865093E-018
 -1.974435149309777E-017 -1.729762894309008E-017   2.02431019361356     
 -4.588513626001559E-015  8.806935983054811E-016 -2.507722542258934E-002
  2.842755589627688E-017 -4.765467012468745E-018  1.787545215483110E-024
 -1.333465629603293E-025  3.370210715389786E-024 -6.494585052645449E-024
 -2.718629319032301E-024 -4.787519162550227E-025  6.611907070543982E-026
 -1.045796519228810E-024  2.364906528384459E-024  9.526102143561556E-025
   2.02431019361356      -1.695199230056306E-015  2.842077963269885E-017
 -2.507722542258933E-002  1.017594814409992E-017  3.918175663629764E-024
 -1.033975765691285E-025  3.053610398271770E-024 -3.944689208130055E-024
 -2.129072257064629E-024 -2.055346839069183E-024  5.169878828456423E-026
 -1.608390928164322E-024  2.048991158786198E-024  1.204714792165932E-024
   2.02431019361356      -4.765467016259515E-018  1.017594814409880E-017
 -2.507722542258932E-002 -1.227909618061128E-024  5.103001463065914E-026
 -2.710080967980115E-025  1.050551444844137E-024 -2.329636420627191E-025
  8.769311868332716E-025 -3.088733736401478E-026  5.412708181946704E-025
 -1.104948551150745E-024 -2.377776480035109E-025  1.492630246521283E-002
 -3.384765406432952E-017  7.437893671976570E-018  7.187697668805110E-025
  2.757082972005760E-026  7.625156067460466E-025 -4.143534723159560E-025
 -3.284146873682808E-025  2.937401388002806E-025  7.292421996443586E-026
  8.158539688097300E-026  4.965105260696802E-025  1.407211698164305E-025
  1.492630246521281E-002 -1.302984422211366E-017 -1.695007169980981E-024
  3.877409121342317E-026 -1.632649907126703E-024  1.581462963739736E-024
  1.275299093565729E-024 -1.903644571310069E-024  1.163222736402695E-025
 -1.682249979177999E-024  1.784252099263531E-024  1.220750532581463E-024
  1.492630246521281E-002  1.453498148895588E-024 -6.009567141738321E-026
  1.602738414381493E-024 -2.389939652827158E-024 -9.389034883505012E-025
  1.500703217137712E-024 -2.959963847800988E-026  1.419278627891197E-024
 -2.352107825120789E-024 -7.598664300990650E-025   1.12168757572382     
 -6.129575250067754E-015 -3.334702481681009E-015  9.537378055492483E-016
  1.233836838443663E-014 -0.130589852113995       3.752341739859277E-016
  2.011963420299977E-016 -7.027792869023278E-017 -7.476056712897618E-016
   1.38328400644771      -6.981601827972926E-015  9.170559026914494E-015
  4.827965289044204E-015  3.752130624238401E-016 -0.168044118074553     
  4.260188689461675E-016 -5.566966866232889E-016 -2.945359558184147E-016
   1.38328400644771       4.253384833836162E-015  1.414774979598359E-014
  2.016782369872868E-016  4.260087053762668E-016 -0.168044118074553     
 -2.654971697367756E-016 -8.596622861856846E-016   1.12168757572383     
 -1.724285878187601E-014 -6.903843756254669E-017 -5.567350090738879E-016
 -2.654317050907846E-016 -0.130589852113995       1.050162519967855E-015
   1.38328400644770      -7.477338761305594E-016 -2.945266378125754E-016
 -8.596575935581703E-016  1.050268256172827E-015 -0.168044118074552     
  4.799324388021319E-003 -2.684091853627673E-017 -1.434261203967800E-017
  6.016502457221711E-018  5.337015031815454E-017  6.007924674861223E-003
 -3.046259475882301E-017  3.970831816435565E-017  2.107807681459821E-017
  6.007924674861217E-003  1.894652067415474E-017  6.099728071884082E-017
  4.799324388021320E-003 -7.534973241228970E-017  6.007924674861187E-003
