   1.13829154154741      -6.249403545117235E-002  2.142998877885322E-023
 -1.985233470127266E-023  5.213464445781236E-024 -2.533729875736140E-024
  1.654361225106055E-024 -1.507497913994740E-024  6.904451827454854E-017
 -3.035766082959412E-018  2.294170705105142E-017 -7.563369478624265E-017
 -6.638315900098165E-017  7.489865326442387E-017 -1.572093150103981E-018
  1.435225918284125E-017 -4.843754797100274E-017 -3.635436827295907E-017
  1.413832842151769E-003 -1.894582172809264E-024  1.085674553975849E-024
 -8.658360355510412E-025  2.992135474763392E-026  7.431700815906108E-026
  7.932842844177305E-026  6.203472701759905E-018 -1.694065894508601E-019
  1.290151403398175E-018 -3.724424074818789E-018 -3.278630487360402E-018
 -4.862476209321997E-019  6.098637220230962E-020 -1.709070161984361E-019
  5.675796869380229E-019  4.802740943740991E-019   1.11200342797152     
 -2.523760675341832E-015  5.162173303366504E-016 -3.105347481274756E-002
  3.525022898113575E-017 -7.239120251025874E-018  2.859505157307451E-022
 -5.183562623700468E-025  4.304476445563534E-022 -1.219250560326988E-021
 -4.668882501867954E-022 -1.012463329182560E-022 -2.555417886272756E-023
 -1.633522411287519E-022  2.053243173532886E-022  1.132418924269871E-022
   1.11200342797152      -9.485738829082180E-016  3.528411029902592E-017
 -3.105347481274755E-002  1.326575891520098E-017  3.278356004297849E-022
  2.150669592637872E-023 -2.121018629608595E-023 -2.292160732847189E-022
 -1.313225356641026E-022 -4.029606301132156E-023 -8.271806125530277E-025
 -5.858024639738017E-023  3.222138808871669E-023  3.325269416031977E-023
   1.11200342797152      -7.274697550135966E-018  1.331996878654849E-017
 -3.105347481274754E-002  2.711527289661153E-022  4.632379923814914E-023
  3.107070301064253E-022 -2.925971028358774E-022 -1.896789777692009E-022
  1.732581696869215E-022 -2.111934993056731E-023  1.461196288282319E-022
 -2.310937532066122E-022 -6.977834934882205E-023  2.378328144791928E-004
 -5.396714279378028E-019  1.110847170251779E-019  4.946537427039520E-023
  8.628379188375003E-024  3.939723594888183E-023  1.082545491521929E-022
 -5.637573971545943E-024 -1.257130842846064E-025  5.122948971425210E-025
  4.093095023954410E-025  4.434662331531561E-024  1.506540167619090E-024
  2.378328144791927E-004 -2.035305209783720E-019 -8.972881315020639E-023
 -1.504434739080819E-023  9.398285182691159E-024  3.683419163116481E-023
  2.141149784417809E-023  4.096921424489508E-025 -3.101927297073854E-025
  3.168512677779065E-024 -2.273857365107789E-024 -5.380850731345217E-025
  2.378328144791927E-004 -1.120904858228379E-022  1.015091131711538E-023
 -1.010214201162867E-022  1.098708071491076E-022  3.154047051141326E-023
 -4.663236813999656E-024  7.861878281404830E-025 -3.925295671867160E-024
  5.111552312237912E-024  2.015602278744839E-024   1.92375406844595     
 -8.519766406080525E-015 -5.245991158580005E-015  2.691765355523154E-015
  1.731662012654833E-014  7.011002121937751E-002 -6.610763894529721E-017
 -7.924331109397356E-017  7.388994308801752E-017  1.432001910594655E-016
   1.88737227897893      -9.638417506138314E-015  1.256368347731745E-014
  6.666746701335274E-015 -6.602520377981140E-017  2.548163088255481E-002
 -7.271154089510766E-017  9.638832940424235E-017  5.188484732587860E-017
   1.88737227897893       6.704751031308902E-015  1.961566988192146E-014
 -7.936666185672566E-017 -7.281998732444267E-017  2.548163088255474E-002
  8.570496476805664E-017  1.556412796237980E-016   1.92375406844595     
 -2.498813886079471E-014  7.499219488471160E-017  9.641620621806600E-017
  8.578987656366215E-017  7.011002121937747E-002 -2.305117895699400E-016
   1.88737227897892       1.431835060610896E-016  5.191193393416935E-017
  1.557781530500286E-016 -2.305468621459409E-016  2.548163088255466E-002
  2.969454383456131E-002 -1.708502937990068E-016 -9.629823658605363E-017
  4.084461432301998E-017  3.296113716647444E-016  3.699147570165488E-002
 -1.920431824191688E-016  2.511413186873080E-016  1.342378001566931E-016
  3.699147570165484E-002  1.273898494419397E-016  3.839098145038048E-016
  2.969454383456129E-002 -4.651272206394049E-016  3.699147570165467E-002
   1.13829793122525      -6.249433836821153E-002  8.746729049550639E-024
  2.812414082680294E-023  2.152398068875295E-023  4.238830500304150E-024
 -7.134432783269864E-024 -6.849563555122185E-024 -1.124374712775718E-006
 -2.168404344971009E-018  2.250761286896364E-017 -6.761050970857765E-017
 -6.638311123157058E-017 -1.687137314292443E-006 -1.572093150103981E-018
  1.446091617015831E-017 -4.843756891873510E-017 -3.646280559008162E-017
  1.413853910698582E-003 -2.919544173380656E-023 -4.963083675318166E-024
 -1.334824898316469E-023  1.803698524125248E-025  1.292469707114106E-026
  1.404011859732112E-025 -2.053149748711963E-007 -1.727947212398773E-019
  1.303851927013453E-018 -4.103899472686995E-018 -3.258318529774480E-018
  2.876358330239586E-007  6.437450399132683E-020 -1.641316425907306E-019
  4.811758259535868E-019  4.734997917988106E-019   1.11201101314003     
 -2.523760947712139E-015  5.157837408407750E-016 -3.105462328519476E-002
  3.528411379148689E-017 -7.274694466544175E-018 -8.828835262215547E-023
  3.568353353733623E-023 -9.328907055437104E-023  1.246021638733470E-022
  7.417750002570132E-023  2.613232580222041E-022 -4.363384677218265E-023
  2.668410978834806E-022 -4.286430803654558E-022 -2.414510852617420E-022
   1.11201097570909      -9.494414486720229E-016  3.525700873717476E-017
 -3.105434461447988E-002  1.333352727045877E-017  3.077386508918596E-023
  9.098986738083304E-024  3.413847706327834E-023 -4.137647870747837E-023
 -4.336001264109764E-023  3.915303043414880E-023 -1.571643163850753E-023
  4.834480082428214E-023 -6.599038412141552E-023 -2.229362948551455E-023
   1.11201097570909      -7.227278774168445E-018  1.333352396520256E-017
 -3.105434461447989E-002  7.687235541801163E-024 -2.895253129865137E-023
  3.194147440998259E-023 -5.879945361943073E-024  2.149667444737080E-023
  4.683999489881253E-023 -1.891342899182854E-023  2.076202158605563E-023
 -8.615118985385600E-023 -6.225448471194356E-023  2.378486980388810E-004
 -5.396714335133671E-019  1.110848823368601E-019  4.262891258587818E-023
  8.952658882451299E-025  5.190140190143458E-023 -5.803046392223147E-023
 -2.720647842654407E-023 -3.604709635052571E-023  1.099595788250415E-024
 -3.540591635850324E-023  5.343981741066244E-023  2.368118838377560E-023
  2.378440461790215E-004 -2.035305718408072E-019 -3.318139063779317E-023
 -8.685396431806791E-024 -2.842001043553865E-023  4.493117136085176E-023
  3.500902600072656E-023  2.664476632852123E-023  4.135903062765138E-025
  1.064305716563556E-023 -2.251549338641298E-023 -1.225078115100286E-023
  2.378440461790215E-004 -1.994914088082262E-023 -6.261058390505440E-025
 -1.776612167815336E-023  3.857446221143315E-023  5.051468623243584E-024
 -1.226407584648824E-023 -1.016840691875357E-023 -1.034584395045420E-023
  1.985525605721942E-023  8.453678112469828E-024   1.92373566354353     
 -8.519642261060263E-015 -5.246397532734120E-015  2.761154468578293E-015
  1.731607742157137E-014  7.014721415126014E-002 -6.618323534773510E-017
 -7.929779588360849E-017  7.459451547356137E-017  1.433363690794611E-016
   1.88735749901214      -9.638253165629164E-015  1.256340558999381E-014
  6.666637057065457E-015 -6.627943500540894E-017  2.551522217489916E-002
 -7.303864478723486E-017  9.654079244543617E-017  5.204875398783251E-017
   1.88735749901214       6.704818767912823E-015  1.961534215782016E-014
 -7.937031300961044E-017 -7.314710037102153E-017  2.551522217489910E-002
  8.584390009400086E-017  1.558880202820987E-016   1.92373565321349     
 -2.498803016172556E-014  7.515478841906577E-017  9.649252862804281E-017
  8.591529606684826E-017  7.014836139721921E-002 -2.306611954167604E-016
   1.88735735550743       1.432248007795898E-016  5.199454721063987E-017
  1.557538721190338E-016 -2.306826541128963E-016  2.551384643016360E-002
  2.969623124029734E-002 -1.707882373401948E-016 -9.631183718483247E-017
  3.900146272193320E-017  3.296249587393663E-016  3.699229502670381E-002
 -1.920568592230121E-016  2.510762305514890E-016  1.341769143473262E-016
  3.699229502670377E-002  1.274440849758482E-016  3.839100552765531E-016
  2.969606938587355E-002 -4.651475544120008E-016  3.699337310674157E-002
   1.13829793122525      -6.249433836821153E-002  5.799265750763268E-024
 -1.075334796318936E-023  2.112775185310854E-023 -1.574222331458830E-023
  5.376673981594680E-024 -9.202008023122350E-024  5.621873565170670E-007
 -3.469446951953614E-018  2.294118643551179E-017 -9.737370647872585E-007
 -6.638308215259952E-017  8.435686572098886E-007 -1.463672932855431E-018
  1.435222999898499E-017 -1.461103773935292E-006 -3.646274366810546E-017
  1.413853910698582E-003 -2.932747849800046E-024  2.646977960169689E-023
 -1.291575120313907E-023  1.148108180586853E-024 -6.720842476993350E-025
  7.027036356155501E-025  1.026574874412849E-007 -1.761828530288945E-019
  1.297027294304246E-018 -1.778079840221698E-007 -3.254905725926628E-018
 -1.438179165127036E-007  6.098637220230962E-020 -1.675203163356854E-019
  2.490999384383695E-007  4.870405546405173E-019   1.11201097570909     
 -2.523760935199719E-015  5.165426980483225E-016 -3.105434461447990E-002
  3.527057820956242E-017 -7.212022280053419E-018  1.025602419502581E-022
 -1.441157903937240E-023  1.325425692067289E-022 -2.152834447486224E-022
 -1.291077843858234E-022 -1.820364197542018E-022  5.757499331622402E-024
 -2.462826012925871E-022  3.667653940689940E-022  2.013193681276427E-022
   1.11201101314003      -9.503088010282521E-016  3.525024941882831E-017
 -3.105462328519473E-002  1.331998422494390E-017  3.174161119325545E-023
  1.819797347616661E-023 -3.710127554711104E-024  1.365040652508093E-023
 -2.632969748027848E-023 -9.714323175621870E-023 -2.977850205190900E-023
 -6.411784136501161E-023  5.383728295968956E-023  1.086062245754379E-022
   1.11201097570909      -7.213700172347089E-018  1.329965658597979E-017
 -3.105434461447989E-002  1.469839498946154E-022 -4.292777009202030E-024
  1.278533639137857E-022 -1.733624252680249E-022 -1.167395623293294E-022
 -1.413449536226123E-022 -6.040203176942368E-023 -1.206129364765531E-022
  1.899451260753673E-022  1.350070267894003E-022  2.378440461790217E-004
 -5.399895678891836E-019  1.110846426344513E-019  1.617052250300096E-023
  7.435179252459416E-024  2.179146264020397E-023 -8.296948234272528E-024
 -4.152343419072611E-024 -2.850373945547574E-023  1.146377599040738E-024
 -2.273704681484051E-023  2.936582622863094E-023  2.966502421223723E-023
  2.378486980388807E-004 -2.036367952861223E-019 -5.677590880493243E-024
 -2.584939414228211E-024  5.601608445950416E-024  2.882764369523834E-024
 -4.221739519685364E-024  3.332733801626311E-024  3.463818815065803E-024
  2.216206979977949E-024 -1.186621406907535E-024 -1.881197981294126E-024
  2.378440461790215E-004 -3.341746246207864E-023  1.006298759120735E-023
 -2.388413766716726E-023  2.736809267758170E-023  2.279729388027809E-023
 -1.719285678549595E-023 -1.520152041846225E-024 -1.746775768146323E-023
  3.286563879435097E-023  1.573278252254858E-023   1.92373565579600     
 -8.519749173129745E-015 -5.246099474788216E-015 -8.946082868081120E-009
  1.731640272325162E-014  7.014807458572947E-002 -6.622988793659582E-017
 -7.932156098100926E-017  4.967720726036085E-007  1.433363700940037E-016
   1.88735749901214      -9.638253223879371E-015  1.256365941851110E-014
  6.666582879882124E-015 -6.626024463789590E-017  2.551522217489918E-002
 -7.314702307228639E-017  9.647472920449666E-017  5.202162663507887E-017
   1.88735735550744       6.704493526984970E-015  1.961550499618610E-014
 -7.936028028522843E-017 -7.314704336235888E-017  2.551384643016368E-002
  8.577280165472117E-017  1.558339449797875E-016   1.92373566096102     
 -2.498803019009875E-014  4.967720726038435E-007  9.650927516200901E-017
  8.591534252252047E-017  7.014750096274995E-002 -2.306883020601614E-016
   1.88735749901213       1.432383661041812E-016  5.194030846330877E-017
  1.557539973177707E-016 -2.307097407187211E-016  2.551522217489901E-002
  2.969610984947950E-002 -1.708644511334943E-016 -9.630505468017857E-017
 -1.401700426547188E-007  3.296656143934977E-016  3.699229502670384E-002
 -1.920026164634321E-016  2.511044218601045E-016  1.341497839725812E-016
  3.699337310674176E-002  1.274102140327601E-016  3.839234342664887E-016
  2.969619077669139E-002 -4.651475571605657E-016  3.699229502670359E-002
   1.13829793122525      -6.249433836821152E-002  2.444340850820775E-023
  2.316105715148477E-023  2.645125698209329E-023 -9.632301794625531E-024
 -2.481541837659083E-024 -9.192559459041320E-024  5.621873565015629E-007
 -3.035766082959412E-018  2.380851348749300E-017  9.737370646498692E-007
 -6.638306333788055E-017  8.435686572176950E-007 -1.463672932855431E-018
  1.402705534456172E-017  1.461103773838200E-006 -3.635440291021017E-017
  1.413853910698582E-003 -2.002801081869260E-023 -1.323488980084844E-023
 -1.730921727387373E-023  1.116497352863951E-024  1.292469707114106E-026
  8.553300346011593E-025  1.026574874417186E-007 -1.761828530288945E-019
  1.290298826023694E-018  1.778079840147345E-007 -3.265095640291668E-018
 -1.438179165126223E-007  6.437450399132683E-020 -1.743004995880030E-019
 -2.490999384372412E-007  4.836698605903602E-019   1.11201097570909     
 -2.523760930454361E-015  5.162174419478302E-016 -3.105434461447990E-002
  3.525024348210299E-017 -7.234040926422204E-018 -1.609856381341872E-023
 -9.256800066239656E-024 -1.117848293071327E-023 -4.409509317514648E-023
 -4.873903684190732E-023  8.265324881985682E-023  2.232055722775671E-024
  7.868925524940510E-023 -6.078623355707220E-023 -1.976423867984721E-023
   1.11201097570909      -9.485740663345586E-016  3.525701974568102E-017
 -3.105434461447989E-002  1.331320455878775E-017 -8.465539458673360E-023
 -4.135903062765138E-025 -1.278610653075263E-022  1.427729920068844E-022
  1.000861242706674E-022  4.055587088587012E-023 -4.963083675318166E-024
  8.426766077764958E-023 -8.985005600741195E-023 -7.032331577357344E-023
   1.11201101314003      -7.225571890528713E-018  1.327254482637411E-017
 -3.105462328519473E-002 -1.530248204790910E-022 -6.681747609238281E-024
 -1.569285115880863E-022  2.248569729279308E-022  1.172475124601297E-022
  3.281002228175368E-022 -8.700368430093691E-026  3.372010541314236E-022
 -4.758045018854441E-022 -2.501540452795126E-022  2.378440461790216E-004
 -5.397775956642025E-019  1.111906637458946E-019  2.380426556933934E-023
  2.299313783345180E-024  2.944943995688894E-023 -3.394189322896613E-023
 -1.976515998473202E-023 -1.052662530804080E-023  1.931966900209222E-024
 -1.368786255637963E-023  9.456987558240875E-024  1.030027032502799E-023
  2.378440461790216E-004 -2.037425000201206E-019  5.838174544852006E-023
  7.761280591220205E-024  8.854517256503896E-023 -7.804912241783168E-023
 -4.980489825375049E-023  2.379794137519076E-023  2.326445472805390E-024
  3.247517811204824E-023 -2.530270582354019E-023 -1.663949577498283E-023
  2.378486980388807E-004 -4.047053028331492E-023 -2.211201063483639E-025
 -3.471719956318742E-023  4.727686873499816E-023  5.926439357998484E-024
 -1.766558821150093E-023 -8.265962237848869E-025 -1.870586584954080E-023
  2.435495159366992E-023  1.447160591385595E-023   1.92373565579600     
 -8.519748359253281E-015 -5.246018068799348E-015  8.946088411206720E-009
  1.731607742597026E-014  7.014807458572950E-002 -6.630758155403003E-017
 -7.932504157029670E-017 -4.967720724559374E-007  1.431737757839393E-016
   1.88735735550744      -9.638253317230039E-015  1.256329302570642E-014
  6.666637123221747E-015 -6.623342481211465E-017  2.551384643016374E-002
 -7.293001241135629E-017  9.644504425120690E-017  5.196732969697053E-017
   1.88735749901214       6.705333644862455E-015  1.961517979109556E-014
 -7.936373336007692E-017 -7.303842774594157E-017  2.551522217489910E-002
  8.583383780669807E-017  1.558609866626121E-016   1.92373566096102     
 -2.498803018906439E-014 -4.967720724564613E-007  9.654608105430781E-017
  8.596621825936363E-017  7.014750096274988E-002 -2.306611971219305E-016
   1.88735749901213       1.432112664376665E-016  5.202153961255465E-017
  1.558081063744778E-016 -2.306826235390972E-016  2.551522217489902E-002
  2.969610984947952E-002 -1.708336951877581E-016 -9.629827645011244E-017
  1.401700427343481E-007  3.296249731909599E-016  3.699337310674182E-002
 -1.920705622368744E-016  2.510459904025204E-016  1.341770082437740E-016
  3.699229502670377E-002  1.273424518989588E-016  3.839098928286539E-016
  2.969619077669137E-002 -4.651475679000151E-016  3.699229502670360E-002
