   1.19411377892095      -7.372982508087224E-002  8.600951045398821E-024
 -1.075334796318936E-023  1.907879485111875E-024  2.655410112184095E-025
 -1.654361225106055E-024 -4.560225808680279E-025  7.544687863669494E-017
 -3.035766082959412E-018  2.471776590330517E-017 -7.508998207453844E-017
 -6.642764094286123E-017  4.375411597826765E-017 -1.680513367352532E-018
  1.594864271597846E-017 -4.789434037607984E-017 -4.009578704646438E-017
  1.799194185610006E-003 -5.156423720903930E-024  7.031035206700735E-024
 -7.577646567166558E-025  5.808599159794514E-026 -5.169878828456423E-026
  3.577517793609522E-026  4.546851310231416E-018 -1.660184576618429E-019
  1.457778704865559E-018 -3.758538797110190E-018 -3.718417099070165E-018
 -5.638918939617706E-019  8.131516293641283E-020 -2.029707082002394E-019
  8.393825964986384E-019  6.418079738164759E-019   1.30679876995458     
 -2.964442675854122E-015  5.999445867652962E-016 -3.723572093300574E-002
  4.223695995792279E-017 -8.614030268387241E-018 -8.107687990310873E-023
 -2.132936150059664E-024 -1.109051907893352E-022  1.689078885144150E-022
  6.453237161778115E-023  3.809139313397301E-023  3.253541415008255E-024
  5.441368795047772E-023 -1.081838013663060E-022 -4.878318243389591E-023
   1.30679876995458      -1.112274321793132E-015  4.225051248507886E-017
 -3.723572093300571E-002  1.584637042518662E-017 -5.549966298066930E-024
  4.549493369041652E-024 -2.221389641621424E-024  1.146692640914163E-023
  4.026312184056596E-024 -2.510043123922662E-023  3.722312756488625E-024
 -4.968851413996121E-023  4.139438918926867E-023  2.563778663935648E-023
   1.30679876995458      -8.647913334070256E-018  1.588702797218596E-017
 -3.723572093300571E-002 -2.665979397436012E-023 -7.914286154001446E-024
 -3.543643987594923E-023  3.769634437181151E-023  2.851306533172237E-023
  4.752021438097658E-023  1.353495826716673E-023  4.884223957400157E-023
 -6.951219738837965E-023 -2.627788475284244E-023  2.935424875295028E-004
 -6.663592481644053E-019  1.363281323299645E-019  5.148959161876910E-023
 -9.735821204155079E-024  5.493659777909505E-023 -9.897560803896953E-023
 -4.581872485971143E-023 -2.705477940198293E-024  9.440935798283273E-025
 -1.656866469935114E-024  4.958076632491443E-024  1.676213821261542E-024
  2.935424875295028E-004 -2.501693632078180E-019  3.393947281463488E-023
 -6.617444900424221E-024  3.611543638153290E-023 -5.841858850264886E-023
 -1.787897400852358E-023  8.238915449700648E-024  2.584939414228211E-025
  7.790733256948753E-024 -9.830614327912261E-024 -5.589820330292034E-024
  2.935424875295029E-004  4.154996922698961E-023  1.048352754559514E-024
  5.020856371960488E-023 -5.880811651618344E-023 -4.046105089110920E-023
 -9.902407375845740E-024 -5.659282936614153E-025 -9.020582204430386E-024
  1.414192125694971E-023  5.234525935724227E-024   1.93181828783570     
 -8.558844909037337E-015 -5.269878517717301E-015  2.851328001934622E-015
  1.739619860747056E-014  5.160202035057382E-002 -9.498834013541956E-018
 -5.108186849088351E-017  6.193251453478538E-017  3.013257452228173E-017
   1.89588329300633      -9.682049835738695E-015  1.262049060842860E-014
  6.696869886895501E-015 -9.472870106583623E-018 -1.416890941331833E-004
 -8.830552075935876E-018  1.293980188014568E-017  7.422058604125710E-018
   1.89588329300632       6.736041278742959E-015  1.970505308205218E-014
 -5.111354718659268E-017 -8.722133146557970E-018 -1.416890941332217E-004
  4.659917632784388E-017  2.646300819172601E-017   1.93181828783570     
 -2.510098887548933E-014  6.275618642347712E-017  1.294511488706950E-017
  4.668369822433511E-017  5.160202035057382E-002 -7.124592034011603E-017
   1.89588329300632       3.009191641433250E-017  7.449164053225640E-018
  2.630167677828447E-017 -7.110190014371610E-017 -1.416890941331943E-004
  3.762154407735035E-002 -2.163028403124078E-016 -1.224732292002352E-016
  4.962531737948533E-017  4.175801601253050E-016  4.684022087772558E-002
 -2.431005799965305E-016  3.182345547462429E-016  1.700923396622020E-016
  4.684022087772553E-002  1.612718753892060E-016  4.868083102286846E-016
  3.762154407735032E-002 -5.889410419855799E-016  4.684022087772532E-002
   1.19411191654094      -7.372134738640394E-002 -8.506296528873310E-024
  3.515517603350368E-024 -5.677325056432052E-024 -6.999539712393816E-025
  1.033975765691285E-024  5.078065982006635E-025 -5.891386246098922E-006
 -3.469446951953614E-018  2.385004487651995E-017 -6.804245391128834E-017
 -6.556026774128123E-017 -7.737942379275634E-007 -1.788933584601082E-018
  1.605722031173255E-017 -4.919540359698764E-017 -4.004158368980175E-017
  1.798953971226387E-003  7.857106943478696E-024 -3.308722450212111E-024
  1.289746748136096E-024  2.825651297242100E-026 -3.877409121342317E-026
  2.615592058356124E-027 -1.044286503524002E-007 -1.660184576618429E-019
  1.464638380450855E-018 -4.476853017792112E-018 -3.711644938331164E-018
  2.434731641714621E-008  8.809142651444724E-020 -2.029591464851642E-019
  7.089335102379899E-019  6.418131915219822E-019   1.30679971007319     
 -2.965310409369379E-015  6.016794150046662E-016 -3.723466590718381E-002
  4.225049367027866E-017 -8.620803033607055E-018 -1.409647913594751E-023
  9.392886559288601E-024  6.641426881462920E-024 -3.569333153390418E-023
 -4.023017400986389E-024  3.806117087699828E-023 -9.382410767044477E-024
  3.252725343602932E-023 -3.763632492803169E-023 -2.359362682301957E-023
   1.30680311809211      -1.112057753729316E-015  4.225049367027866E-017
 -3.723447887944586E-002  1.588701430481967E-017 -1.000633701572092E-022
 -9.098986738083304E-024 -9.648929086780168E-023  1.311430801917581E-022
  7.813904212012731E-023  4.873717590719303E-023  7.444625512977249E-024
  5.624505981440955E-023 -6.577561596328735E-023 -4.204021350183339E-023
   1.30680311809211      -8.647908780923925E-018  1.584635679214763E-017
 -3.723447887944586E-002  2.396131894137102E-023  9.944679095012251E-025
  4.305545857998432E-023 -1.624427308560437E-023  7.212656764310262E-024
 -5.281150680495120E-023 -3.782035760308428E-024 -5.823473466420928E-023
  5.934595751776184E-023  2.776963036889993E-023  2.935263638950702E-004
 -6.659351263188589E-019  1.359044913664314E-019  8.488795715000267E-024
 -5.818936734160767E-024 -4.958776635619514E-024  2.371822921135716E-023
  7.556454076239971E-024 -5.212675690139312E-024  1.421848803885157E-025
 -5.927288464320334E-024  1.135499531493271E-023  5.129008954934755E-024
  2.935233546016521E-004 -2.504865661903667E-019  1.667394754742661E-023
  5.480071558163808E-024  3.169325832784928E-023 -2.674695757342076E-023
 -2.313695799721130E-023 -3.101574960914813E-025 -2.584939414228211E-025
 -9.372982287478681E-025  2.016205764943466E-024  9.515270470599363E-025
  2.935233546016518E-004 -2.823950948012145E-023 -5.845939032829185E-024
 -3.167521689335156E-023  3.798684348854158E-023  1.912620451385887E-023
  4.658733790574842E-024  1.583913221293353E-025  3.778761919901869E-024
 -7.012038419291341E-024 -2.899731538897960E-024   1.93180925644058     
 -8.558840442687590E-015 -5.269742852710094E-015  2.719489033051154E-015
  1.739565621242682E-014  5.163111404329212E-002 -9.617769048116692E-018
 -5.108899590310721E-017  6.068566459089776E-017  3.029572703337175E-017
   1.89587677250826      -9.681940434173065E-015  1.262054755548704E-014
  6.696814996132952E-015 -9.623651543042863E-018 -1.102237901939140E-004
 -9.049080295575288E-018  1.314274403608685E-017  7.260552144354628E-018
   1.89587677250826       6.736230859186801E-015  1.970499792532642E-014
 -5.112066913483533E-017 -9.049087656226949E-018 -1.102237901939510E-004
  4.671456294110649E-017  2.695338241950769E-017   1.93180877729089     
 -2.510098872288293E-014  6.102144788803553E-017  1.296311494183091E-017
  4.678893529143181E-017  5.163411104071827E-002 -7.143595656857786E-017
   1.89587498708237       3.036348775351594E-017  7.450288442713542E-018
  2.668363733286107E-017 -7.129194861455010E-017 -1.115424193641168E-004
  3.762272543816841E-002 -2.163627939333702E-016 -1.224597120333629E-016
  5.049268208269249E-017  4.175259695825172E-016  4.684132393567329E-002
 -2.430193698831918E-016  3.183495264217537E-016  1.701195300134006E-016
  4.684132393567320E-002  1.612990263399384E-016  4.868490863920883E-016
  3.762282183320784E-002 -5.889410403281071E-016  4.684116086531244E-002
   1.19411191654094      -7.372134738640396E-002  9.423392960002165E-025
  1.654361225106055E-024  6.883390453187571E-024 -2.222014650696736E-026
 -2.067951531382569E-025 -7.930752175709390E-025  2.945693123174151E-006
 -3.469446951953614E-018  2.384934403741339E-017 -5.102090152756138E-006
 -6.556004557891760E-017  3.868971190580358E-007 -1.680513367352532E-018
  1.594845321713505E-017 -6.701254674502366E-007 -4.020416805482750E-017
  1.798953971226386E-003 -4.102710920868813E-024  8.271806125530277E-025
 -2.485800580398242E-024  7.657140856972005E-027 -9.693522803355793E-026
  3.059106811596402E-026  5.221432518213949E-008 -1.524659305057741E-019
  1.464625101562213E-018 -9.043786409571515E-008 -3.731959119848692E-018
 -1.217365820951719E-008  8.470329472543003E-020 -2.097489963891649E-019
  2.108539453258703E-008  6.214840765378123E-019   1.30680311809211     
 -2.965310063652873E-015  5.999449057428323E-016 -3.723447887944590E-002
  4.225727094201589E-017 -8.647909165645241E-018  6.747368426135541E-023
  3.895296681275224E-024  1.043704883885719E-022 -1.293369068073633E-022
 -4.813033518435524E-023 -6.853020763595016E-024  1.831622407583543E-024
 -2.302166893649365E-023  1.971571981679126E-023  7.427099054264776E-025
   1.30679971007319      -1.111190143034105E-015  4.225049467843786E-017
 -3.723466590718379E-002  1.585991000534498E-017  6.940871931096312E-024
  4.859686098749038E-024 -3.410115515825964E-023  1.605206095716578E-023
 -7.440487767021707E-024  1.053672727266847E-023 -4.135903062765138E-024
  3.359620141524144E-023 -2.797317667486726E-023 -2.856620115304444E-024
   1.30680311809211      -8.614024899500228E-018  1.585991034716458E-017
 -3.723447887944586E-002  8.149748163280122E-023 -2.897908817483314E-023
  7.374883383697901E-023 -1.334845388738002E-022 -6.123958727637605E-023
 -4.318016345081717E-023  5.592560957842358E-024 -4.749982122327744E-023
  7.488956577700347E-023  3.421748607320511E-023  2.935233546016522E-004
 -6.669939489827062E-019  1.365397320834917E-019 -6.209855179615265E-024
  2.409002812655651E-024 -1.407433805174881E-023  2.382312572252925E-023
  1.894276761467214E-023 -1.176477221819603E-023 -9.096729918859378E-025
 -1.236431908169546E-023  1.655126062166948E-023  8.547261297288903E-024
  2.935263638950697E-004 -2.502748346045311E-019 -1.460016640197438E-023
 -1.602662436821491E-024  4.627021010977279E-024  9.333926032191251E-024
  9.142543179415186E-024 -1.251985663660592E-025  2.197198502093980E-025
  7.804963168071431E-025 -4.017552493087943E-025 -5.697580409599907E-025
  2.935233546016520E-004 -1.912475255389202E-023  6.345481741477414E-024
 -1.792792844426602E-023  2.199182870546115E-023  5.498684050330158E-024
 -8.775383811995430E-025 -1.687580616524854E-025 -3.942337240212196E-025
  1.829493747234517E-024  1.938710148628387E-024   1.93180889707832     
 -8.558948644382123E-015 -5.269824494383978E-015 -4.149558001728693E-007
  1.739652364273597E-014  5.163336179136182E-002 -9.591832248365015E-018
 -5.109590007082143E-017  1.297737953185547E-006  3.026865001134105E-017
   1.89587677250826      -9.681940462705053E-015  1.261995746035843E-014
  6.696869231050584E-015 -9.655219098704954E-018 -1.102237901939176E-004
 -9.049044100028397E-018  1.311996440085160E-017  7.450262000304623E-018
   1.89587498708238       6.736258060574452E-015  1.970505277702344E-014
 -5.114795853491344E-017 -8.940631885713089E-018 -1.115424193641457E-004
  4.671795200060165E-017  2.679107572774928E-017   1.93180913665316     
 -2.510098876438894E-014  1.297737953187834E-006  1.304222762124509E-017
  4.674834885190904E-017  5.163186329264859E-002 -7.143597817983134E-017
   1.89587677250825       3.028221959181124E-017  7.368947662243449E-018
  2.684658994925032E-017 -7.127838661485999E-017 -1.102237901939233E-004
  3.762279773444801E-002 -2.163427460388845E-016 -1.225004429417588E-016
  8.348055301955250E-008  4.175259832519042E-016  4.684132393567325E-002
 -2.430193705897106E-016  3.183084691275632E-016  1.701059761712548E-016
  4.684116086531265E-002  1.611838526920496E-016  4.868492270107940E-016
  3.762274953692828E-002 -5.890088146455258E-016  4.684132393567297E-002
   1.19411191654094      -7.372134738640393E-002  5.224407347025952E-024
  0.000000000000000E+000  4.535173864582721E-024 -2.352987731511794E-024
  1.964553954813441E-024 -4.832580996544524E-025  2.945693123141679E-006
 -3.469446951953614E-018  2.298214216705084E-017  5.102090152607911E-006
 -6.599386131132180E-017  3.868971190604211E-007 -1.788933584601082E-018
  1.600273012867063E-017  6.701254673541226E-007 -4.004158451554171E-017
  1.798953971226386E-003 -1.942909368050603E-025 -1.240770918829542E-024
 -1.317874453685374E-024  1.668378209326284E-025 -1.050131637030211E-025
  3.884773626220610E-027  5.221432518350830E-008 -1.524659305057741E-019
  1.467990953079340E-018  9.043786408764236E-008 -3.698080470481477E-018
 -1.217365820963917E-008  6.776263578034403E-020 -2.097480235084327E-019
 -2.108539453109801E-008  6.350384522777382E-019   1.30680311809211     
 -2.964442672594278E-015  6.016795467510571E-016 -3.723447887944589E-002
  4.225048835386945E-017 -8.647907837050268E-018  1.560201348588482E-023
  7.261090784782571E-024  1.848916895967341E-023 -6.590178019308261E-023
  6.728215651607427E-024 -6.211573366751656E-023 -4.589978951298550E-024
 -6.353130838159583E-023  1.297340122072893E-022  5.312201581537013E-023
   1.30680311809211      -1.111190107468477E-015  4.224371209029141E-017
 -3.723447887944588E-002  1.585990552798931E-017  6.740831600520855E-023
  1.075334796318936E-023  4.893724920286403E-023 -8.512146615143150E-023
 -3.825824704398007E-023 -2.299329183331883E-023 -7.909914607538327E-024
 -4.022038864702243E-024  3.403537661234997E-023  7.569309686147649E-024
   1.30679971007319      -8.647906250995495E-018  1.587345775325763E-017
 -3.723466590718380E-002 -3.967242278335727E-023  1.727285270423131E-024
 -3.840067540483862E-023  6.000278797363115E-023  1.732524642201114E-023
  2.858101008911811E-023 -2.449441632532807E-024  3.918255037402877E-023
 -4.803453771162887E-023 -1.907665115189613E-023  2.935233546016522E-004
 -6.663585426995888E-019  1.369632447651022E-019 -3.661915147912057E-023
 -3.705807815668395E-024 -3.555773010808789E-023  7.608120799800981E-023
  2.930842567591150E-023 -2.212733995737350E-024  2.140079048235057E-026
 -1.819918382321769E-024  1.105458440660612E-024  1.296030019548375E-024
  2.935233546016519E-004 -2.512276471195695E-019 -2.490926863649572E-023
 -6.617444900424221E-024 -1.240803007426441E-023  2.611239125758081E-023
  1.935176158534651E-023 -1.855786391909275E-024  7.754818242684634E-025
 -9.249934169419770E-025  2.982753274010581E-024  1.855534710078540E-024
  2.935263638950697E-004  2.411517925892373E-023  7.674597941720361E-025
  2.501026289055279E-023 -4.107602300448839E-023 -1.504925178871640E-023
 -3.200663228014859E-024  3.265089039005745E-025 -3.372040201355697E-024
  4.008729798826151E-024  2.615440480507893E-024   1.93180889707832     
 -8.558956129583480E-015 -5.270068347410671E-015  4.149558057228697E-007
  1.739565622287224E-014  5.163336179136178E-002 -9.620076719982892E-018
 -5.108916436023996E-017 -1.297737953063173E-006  3.032291548765221E-017
   1.89587498708239      -9.682157167281223E-015  1.262010372859346E-014
  6.696869142242507E-015 -9.602463976790107E-018 -1.115424193641085E-004
 -8.940651424982419E-018  1.308985306448250E-017  7.341863117120765E-018
   1.89587677250826       6.735878426651412E-015  1.970494433922130E-014
 -5.111411620330646E-017 -9.265916585322245E-018 -1.102237901939543E-004
  4.664005995179731E-017  2.673690749754642E-017   1.93180913665316     
 -2.510098872553666E-014 -1.297737953062376E-006  1.304764555334152E-017
  4.663656671040139E-017  5.163186329264863E-002 -7.143600667533389E-017
   1.89587677250825       3.044489808780956E-017  7.260548293525113E-018
  2.679241785091491E-017 -7.130552787805587E-017 -1.102237901939212E-004
  3.762279773444802E-002 -2.163007155378029E-016 -1.224462271380276E-016
 -8.348055291759132E-008  4.176073005530434E-016  4.684116086531274E-002
 -2.431007236952978E-016  3.182633632873975E-016  1.700924498122194E-016
  4.684132393567318E-002  1.612312761139901E-016  4.868492382162897E-016
  3.762274953692828E-002 -5.890223664353595E-016  4.684132393567297E-002
