   2.00216115110679       3.082951156126934E-002  2.719969951329437E-025
 -4.135903062765138E-025  6.529892946181383E-027 -4.633468521055215E-025
 -6.591595506281939E-025 -8.726804666284755E-025 -3.944549903553836E-018
  2.574980159653073E-019 -1.143178985041452E-018  3.557428336055474E-018
  3.095641325062429E-018 -1.638174002051043E-019  2.202285662861181E-020
 -2.982120199797772E-020  7.153357000378909E-020  6.535884698788078E-020
  0.947767439003016      -1.300588987654920E-024  1.654361225106055E-024
 -3.947976522049154E-025 -9.944644543398431E-026  4.523643974899370E-025
  1.835648989281407E-025 -1.892488144920259E-016  1.767249541151372E-017
 -7.082594171283552E-017  1.954834187453780E-016  1.740859298576312E-016
  2.161203370216613E-017 -1.748276003132876E-018  8.522031182047517E-018
 -2.276258280651077E-017 -2.127378865407320E-017   2.02518619414629     
 -4.590494121240444E-015  8.812454250082523E-016 -2.285055681236468E-002
  2.585464192899505E-017 -4.308053131062371E-018  5.459926932516084E-024
 -1.777097619380317E-025  2.249579546860602E-024  2.955760810421213E-025
 -1.254855406643476E-025 -1.685717870171418E-024 -2.240799659747249E-025
 -2.472749965904879E-024  2.199206324231544E-024  1.000733624812330E-024
   2.02518619414629      -1.695985321344345E-015  2.585464192899505E-017
 -2.285055681236466E-002  9.245021545262752E-018 -1.326072633421697E-023
  1.033975765691285E-025 -1.213102180524782E-023  1.326933851200648E-023
  9.557542085971199E-024  3.961101786867777E-024 -2.584939414228211E-026
  3.931444362856095E-024 -3.698193657942257E-024 -3.086616390859789E-024
   2.02518619414629      -4.308053140939441E-018  9.231469017125938E-018
 -2.285055681236465E-002  1.188643012492144E-023 -1.303104519375066E-025
  1.209462025794749E-023 -1.760593163761636E-023 -6.847774037837676E-024
 -3.573437469682439E-024 -1.103368734318488E-025 -3.770341560900874E-024
  5.972519456752069E-024  2.481214055102544E-024  1.749033145931305E-002
 -3.963417504006346E-017  8.772655248499476E-018  1.370493967843198E-023
  2.130421854904963E-025  9.248658553809934E-024 -1.157760272105437E-023
 -4.133015229226524E-024 -1.299827473051498E-024 -1.073869466092124E-025
 -1.520927677115125E-024  1.594161078901875E-024  6.761778671616180E-025
  1.749033145931304E-002 -1.530100460594839E-017 -1.445469373438163E-023
 -6.203854594147708E-025 -1.351830126630129E-023  1.286442934806807E-023
  9.326952472589337E-024  2.707856297189779E-024 -2.584939414228211E-026
  3.109662003672134E-024 -2.758522114313657E-024 -2.068409294860461E-024
  1.749033145931304E-002  1.804867137772390E-023 -7.751460506819654E-025
  1.736391894983332E-023 -2.586025647061289E-023 -1.091444660015646E-023
 -3.254761167848898E-024 -6.609021116590394E-026 -3.430742225917857E-024
  5.319017642373793E-024  1.757928180590268E-024   1.21521919276763     
 -5.861625428965357E-015 -3.388454940534557E-015  1.111348971956107E-015
  1.190586009756779E-014 -0.133081644683012       3.836522675210371E-016
  2.072459415134427E-016 -7.641448031992240E-017 -7.642204475478772E-016
   1.31882547998259      -6.688590726090546E-015  8.791984796637650E-015
  4.633907406136433E-015  3.836167807748249E-016 -0.171330390306438     
  4.346421676866331E-016 -5.676184341756879E-016 -3.004901639811095E-016
   1.31882547998259       4.183862226376732E-015  1.355345921398202E-014
  2.074456725646657E-016  4.345744122068703E-016 -0.171330390306438     
 -2.755156420377850E-016 -8.784963063298656E-016   1.21521919276763     
 -1.675466655298473E-014 -7.592728127015074E-017 -5.676489056095239E-016
 -2.754536457045755E-016 -0.133081644683013       1.075174531074739E-015
   1.31882547998258      -7.643429474967362E-016 -3.004647524330093E-016
 -8.784830225814746E-016  1.075267043454875E-015 -0.171330390306437     
  5.175395471563692E-003 -2.861969522057513E-017 -1.537345076229603E-017
  6.703670552839872E-018  5.709644756461847E-017  6.413392576271760E-003
 -3.244039243507307E-017  4.217106347875200E-017  2.241625087023588E-017
  6.413392576271753E-003  2.043504400599316E-017  6.502962965112366E-017
  5.175395471563685E-003 -8.079513616800623E-017  6.413392576271723E-003
   2.00216332836584       3.081386809493104E-002  9.330558668799306E-026
 -1.098599251046990E-025  1.121910437960108E-026 -1.427036590209136E-025
  1.357093192469811E-025 -2.729253285558004E-026 -3.666725717520985E-018
  2.574980159653073E-019 -1.143160073140849E-018  3.144079752017454E-018
  3.109188037609970E-018 -1.703778736669298E-019  2.541098841762901E-020
 -2.813417726785157E-020  6.697539207310358E-020  6.493676517909898E-020
  0.947775922552605       5.867336168664358E-026  4.281305904815475E-026
  9.284630771763697E-026  8.807998445489728E-025  8.271806125530277E-025
  1.000798264221743E-024 -1.562891456569818E-016  1.767249541151372E-017
 -6.995894205927280E-017  2.095781499323764E-016  1.732186726263674E-016
  2.551516488259027E-017 -1.721170948820738E-018  8.522051722603125E-018
 -2.303363782893391E-017 -2.131445345346650E-017   2.02518616552547     
 -4.590494226303206E-015  8.812454250442696E-016 -2.285118074474714E-002
  2.586143040865766E-017 -4.308055192030200E-018 -1.938009100100567E-024
  8.047883341108252E-027 -7.727951180248386E-025 -5.647069231488408E-024
 -1.491443375943427E-024 -1.267471028089425E-024  1.941441440406610E-025
 -1.042771762294085E-024  1.254849599853581E-024  4.849170747931811E-025
   2.02518616552547      -1.695985320734016E-015  2.586143040865766E-017
 -2.285118074474711E-002  9.245030219996576E-018  1.284276051681488E-023
  0.000000000000000E+000  1.098594524063332E-023 -1.217782994319653E-023
 -7.856356126661393E-024 -1.884958084610540E-025  5.169878828456423E-025
 -7.443811492167481E-025  1.158210655773136E-024  4.474158997861093E-025
   2.02518616552547      -4.306361039330922E-018  9.231477707511893E-018
 -2.285118074474711E-002 -9.246555207176575E-024  2.604808483146174E-025
 -8.782247554320875E-024  1.537185568724515E-023  5.245164925189588E-024
 -7.838415848020598E-025 -2.279766627406319E-025 -8.193288305697236E-025
  1.244127102477875E-024  1.261175861545477E-024  1.749038298952097E-002
 -3.962740328750539E-017  8.770962729283109E-018  4.065431976929117E-024
 -1.601047094012356E-024  8.464483036394406E-024 -2.379587776027347E-023
 -9.492226965657715E-024 -3.217796135082532E-025 -1.373647229496392E-025
  4.457321996202094E-025 -1.892582534571469E-024 -6.537580053947608E-025
  1.749038298952097E-002 -1.530100810971570E-017  2.340662574430377E-023
  2.067951531382569E-025  2.305036158663449E-023 -2.638361408584569E-023
 -1.610968866307185E-023  2.421120407143717E-024  1.809457589959748E-025
  2.138240487196277E-024 -2.336356444949556E-024 -1.340972065699434E-024
  1.749038298952096E-002 -1.821518065020846E-023 -2.002416471180035E-026
 -1.396901697750542E-023  2.570367526555176E-023  5.875323793070273E-024
 -9.839562825827169E-025 -1.972584481540771E-025 -7.573957924598231E-025
  1.440479755753000E-024  8.433872436394761E-025   1.21521327809340     
 -5.861685964308670E-015 -3.388454960702737E-015  1.146043578484170E-015
  1.190672720878643E-014 -0.133084403426457       3.835357765802442E-016
  2.072256315107668E-016 -7.598080573082411E-017 -7.641527799360157E-016
   1.31881947312185      -6.685120192880249E-015  8.790333191463400E-015
  4.631304635765759E-015  3.836321831623181E-016 -0.171331422498289     
  4.346286903167919E-016 -5.676533564488725E-016 -3.004359928623752E-016
   1.31881947312185       4.184621138960728E-015  1.355649483097450E-014
  2.074186557537658E-016  4.346151363794000E-016 -0.171331422498288     
 -2.755529318689164E-016 -8.784963924547754E-016   1.21521327809340     
 -1.675450374651257E-014 -7.592727727054083E-017 -5.674208299428503E-016
 -2.755993370993147E-016 -0.133084403426457       1.075174594451872E-015
   1.31881947312184      -7.644108016173000E-016 -3.004630970185426E-016
 -8.784966629136618E-016  1.075273873384183E-015 -0.171331422498288     
  5.175556582717124E-003 -2.861779759470626E-017 -1.537599768342417E-017
  6.893406246890137E-018  5.710154085705269E-017  6.413500280587113E-003
 -3.243680803999331E-017  4.217770333287708E-017  2.241964771855616E-017
  6.413500280587104E-003  2.044097632795868E-017  6.502625674968772E-017
  5.175556582717114E-003 -8.079768491584946E-017  6.413500280587074E-003
