   1.19411377650828      -7.372982388075690E-002  8.601287638719479E-024
 -1.075334796318936E-023  1.081359183915032E-024  3.691983992137014E-025
 -1.602662436821491E-024 -3.525230365813903E-025  8.433733645785888E-017
 -3.469446951953614E-018  2.298304250086625E-017 -6.961476111253037E-017
 -6.556027920909454E-017  4.657304163647346E-017 -1.680513367352532E-018
  1.611127311209461E-017 -4.832802125806538E-017 -4.009578705836308E-017
  1.799194153229780E-003 -6.397117412423023E-024  6.203854594147708E-024
 -7.576308237141504E-025  5.643668101341514E-026 -5.169878828456423E-026
  3.413854448204944E-026  5.210925145388474E-018 -1.524659305057741E-019
  1.457778739389156E-018 -4.585242959643304E-018 -3.711640852649737E-018
 -5.638918946808472E-019  8.470329472543003E-020 -2.029707095272162E-019
  6.310124924328496E-019  6.214791839065380E-019   1.30679876435978     
 -2.965310037348236E-015  6.016793101538031E-016 -3.723572054707755E-002
  4.225728874168823E-017 -8.620806529619318E-018 -8.140070027460293E-023
 -2.135070914841445E-024 -1.109358894412689E-022  1.665001116308242E-022
  6.744138642657825E-023  3.913656820140574E-023  3.255010354302214E-024
  5.277617632316179E-023 -1.069600032293656E-022 -4.940797224381432E-023
   1.30679876435978      -1.111840640743587E-015  4.225728874168823E-017
 -3.723572054707754E-002  1.585992294740770E-017 -5.142068697875166E-024
  4.549493369041652E-024  4.402379697826224E-024  1.106092637764478E-023
  2.789658867532354E-024 -2.571689952719083E-023  6.203854594147708E-024
 -4.969709128992619E-023  3.973480506889521E-023  2.480637464002727E-023
   1.30679876435978      -8.647913332590927E-018  1.587347543976662E-017
 -3.723572054707752E-002 -2.828935104443138E-023 -1.297312012878761E-024
 -3.234050341267829E-023  4.097681995007582E-023  3.221281984522029E-023
  4.751181202724595E-023  1.105368924697925E-023  5.122078505751621E-023
 -6.805574301792688E-023 -2.709055883080877E-023  2.935424831204261E-004
 -6.663592480401149E-019  1.365398905219593E-019  5.192345789381914E-023
 -7.665489940232397E-024  5.747611854231839E-023 -9.692928613248260E-023
 -5.245052349166204E-023 -2.497353491303833E-024  6.332568777017936E-025
 -1.710608909147267E-024  4.749533628841022E-024  1.648567796473020E-024
  2.935424831204258E-004 -2.504870004753064E-019  3.394581876807518E-023
 -6.617444900424221E-024  3.817248217268166E-023 -5.904743523331736E-023
 -1.933072520806642E-023  8.185499401631687E-024  5.169878828456423E-026
  7.636316469852893E-024 -9.673228283346042E-024 -5.588623528122748E-024
  2.935424831204260E-004  4.122977105416279E-023  2.215387860602007E-025
  5.022357538083594E-023 -5.713782656383833E-023 -4.039393757838461E-023
 -1.000539701860617E-023  2.804386436321306E-026 -9.228376654367986E-024
  1.432245220815280E-023  5.427047099253680E-024   1.93181828673498     
 -8.558845940600268E-015 -5.269824307604013E-015  2.670916760437101E-015
  1.739641544788489E-014  5.160202351056892E-002 -9.470290549612805E-018
 -5.109542096947943E-017  6.141751846572351E-017  3.015967960815767E-017
   1.89588329200409      -9.682049835671304E-015  1.261995788399150E-014
  6.696924096949276E-015 -9.472105435575534E-018 -1.416860605445193E-004
 -8.830552230379281E-018  1.298627527279574E-017  7.286533443748511E-018
   1.89588329200409       6.736339434350615E-015  1.970505308185371E-014
 -5.111354718162937E-017 -8.613713070007461E-018 -1.416860605445543E-004
  4.654835436764223E-017  2.651721855002338E-017   1.93181828673498     
 -2.510109729570359E-014  6.164487921467382E-017  1.294166702502319E-017
  4.662609993832030E-017  5.160202351056892E-002 -7.123236782662283E-017
   1.89588329200408       2.990218108501800E-017  7.340743935994710E-018
  2.646430733451722E-017 -7.111545267791821E-017 -1.416860605445267E-004
  3.762154396202453E-002 -2.163151925329342E-016 -1.224867817067492E-016
  4.886637586050451E-017  4.175801601216552E-016  4.684022062746209E-002
 -2.431005799688101E-016  3.183392364864874E-016  1.700923396380978E-016
  4.684022062746202E-002  1.611702314259321E-016  4.868083101761948E-016
  3.762154396202454E-002 -5.889274894601446E-016  4.684022062746181E-002
   1.19411191378515      -7.372134427106120E-002 -9.333687411966944E-024
  3.515517603350368E-024 -6.090637444052256E-024 -6.971334155813701E-025
  1.137373342260413E-024  7.166630077043830E-025 -5.892689743140292E-006
 -3.469446951953614E-018  2.298268310976035E-017 -8.026683335994307E-017
 -6.729499122494492E-017 -7.738718742708811E-007 -1.680513367352532E-018
  1.600301030811635E-017 -4.702699927333477E-017 -3.977053315878695E-017
  1.798953884148042E-003  5.373153004772619E-024 -2.895132143935597E-024
  1.287693999051296E-024  4.753253998524858E-026 -6.462348535570529E-026
 -2.330538770210171E-026 -1.046146855027382E-007 -1.626303258728257E-019
  1.461250315886864E-018 -3.880541826853418E-018 -3.711644944709567E-018
  2.431768788926394E-008  8.470329472543003E-020 -2.029591458533331E-019
  7.478970245675275E-019  6.350369290083193E-019   1.30679970478160     
 -2.964443047452973E-015  6.003783723516277E-016 -3.723466533666563E-002
  4.225726992417540E-017 -8.647908096080040E-018 -1.244988682895322E-023
  8.968706142017807E-024  4.039753908309055E-024 -3.320528218823292E-023
 -1.393733907128552E-023  3.889014125776069E-023 -8.137195280860689E-024
  3.502548443376038E-023 -3.763885655571190E-023 -2.111833432185653E-023
   1.30680311360496      -1.112708274904100E-015  4.225049366059736E-017
 -3.723447837239906E-002  1.584635671605676E-017 -1.009187910657469E-022
 -1.240770918829542E-023 -1.015135042043735E-022  1.305603484603230E-022
  8.022280505911502E-023  4.833543778052783E-023  9.098986738083304E-024
  5.544951144504142E-023 -6.486084068031363E-023 -3.961309230145575E-023
   1.30680311360496      -8.647908773842299E-018  1.584635678561992E-017
 -3.723447837239906E-002  2.418026066574677E-023  2.414849498377678E-023
  4.220940857320766E-023 -1.524712424646187E-023 -1.664202623455576E-024
 -5.482697425822791E-023  1.183877505083736E-024 -5.803648419837396E-023
  5.841461442477751E-023  2.610547741110447E-023  2.935263570797694E-004
 -6.667821590229833E-019  1.373867990577586E-019  8.082243808797660E-024
 -5.711683720566996E-024 -5.710626418024091E-024  2.268355145819398E-023
  4.245327191183454E-024 -5.200192223427594E-024  2.959168742502412E-025
 -5.876431007038846E-024  1.144617385579722E-023  5.103690384927285E-024
  2.935233485897935E-004 -2.504865660198361E-019  1.399589172202832E-023
  5.480071558163808E-024  3.212071089450547E-023 -2.624367791110718E-023
 -2.459234280510391E-023 -3.137958187367270E-025 -2.584939414228211E-025
 -3.603354713690572E-024  1.710864132096408E-024  8.496094969224998E-025
  2.935233485897935E-004 -2.947530634505871E-023  4.638368276281025E-025
 -3.188367721657203E-023  3.819386101560160E-023  1.995217303431891E-023
  4.969955716369053E-024  3.627767053741507E-024  3.365248787171479E-024
 -7.039199907239332E-024 -2.847348608474781E-024   1.93180925294129     
 -8.558844701472822E-015 -5.269878377889053E-015  2.851328017208159E-015
  1.739608989318344E-014  5.163112444699436E-002 -9.618590606138577E-018
 -5.106189094502429E-017  6.182407687074299E-017  3.034993733364713E-017
   1.89587676972847      -9.682157274259749E-015  1.262022895108095E-014
  6.697031836318379E-015 -9.621106062381351E-018 -1.102129209638165E-004
 -8.940660663366279E-018  1.304909266292309E-017  7.287657584704508E-018
   1.89587676972847       6.736366384364824E-015  1.970505213496979E-014
 -5.112066921675178E-017 -9.049088238323568E-018 -1.102129209638517E-004
  4.671117487844025E-017  2.689917317328147E-017   1.93180877363702     
 -2.510098872282941E-014  6.283748652152431E-017  1.308289126275200E-017
  4.674827776563227E-017  5.163412227310724E-002 -7.143595668162498E-017
   1.89587498383531       3.044480309925692E-017  7.558709047375165E-018
  2.668363819745147E-017 -7.129194873014193E-017 -1.115316817599246E-004
  3.762272560495159E-002 -2.163674083795171E-016 -1.224597120359755E-016
  5.016742143607150E-017  4.175530746332353E-016  4.684132401809853E-002
 -2.430735800029097E-016  3.183532107096683E-016  1.700924249723025E-016
  4.684132401809846E-002  1.613058026197323E-016  4.868490863725656E-016
  3.762282204185610E-002 -5.889410403218356E-016  4.684116086588561E-002
   1.19411191378515      -7.372134427106118E-002  4.252454127613295E-024
  3.308722450212111E-024  5.229398849685891E-024 -2.291362972797184E-025
 -4.135903062765138E-025 -5.865959773665316E-025  2.946344871710693E-006
 -3.035766082959412E-018  2.341566295982951E-017 -5.103219014330506E-006
 -6.599372639978026E-017  3.869359372360915E-007 -1.788933584601082E-018
  1.589424313660054E-017 -6.701927024955673E-007 -4.031258827506926E-017
  1.798953884148042E-003 -4.931172724820889E-024  8.271806125530277E-025
 -2.279021574656478E-024 -1.170350242107848E-026 -7.754818242684634E-026
  3.059665329135304E-026  5.230734275789127E-008 -1.660184576618429E-019
  1.461237055520700E-018 -9.059897526271159E-008 -3.698077814232666E-018
 -1.215884394581661E-008  7.115076756936123E-020 -2.097490004518782E-019
  2.105973547465843E-008  6.350366061368755E-019   1.30680311360496     
 -2.966177425156940E-015  5.995112248750637E-016 -3.723447837239909E-002
  4.225727093269315E-017 -8.641132904268267E-018  6.690014795544686E-023
  5.556086112516823E-024  1.063010918309605E-022 -1.276891059087802E-022
 -2.520870043135616E-023 -6.868305963316194E-024  3.069010767372155E-024
 -2.465792996771276E-023  2.014456778198295E-023 -8.556440436081579E-024
   1.30679970478160      -1.110973302429060E-015  4.225049466911512E-017
 -3.723466533666558E-002  1.585990999846547E-017  7.319905332116379E-024
  6.720842476993350E-024 -2.084893771487873E-023  1.551221723028264E-023
 -9.524268403620421E-024  9.700526502672963E-024 -4.342698215903395E-024
  3.524762841073249E-023 -2.899512556396857E-023 -2.020739785886452E-024
   1.30680311360496      -8.641129954367962E-018  1.585991034037245E-017
 -3.723447837239904E-002  8.147763349525837E-023 -2.153292671097987E-023
  7.824307690986597E-023 -1.350075175944132E-022 -6.246027994475981E-023
 -4.400052123483320E-023  1.055406656990690E-023 -5.244464920664579E-023
  7.529205103554091E-023  3.254963787573560E-023  2.935233485897937E-004
 -6.663586740768589E-019  1.365397321342565E-019 -5.824404275411952E-024
  2.822591062386327E-024 -1.665656607556795E-023  2.241422862198786E-023
  1.844303582061820E-023 -1.186702492042379E-023 -8.061210320144508E-025
 -1.251827947436318E-023  1.661438076319043E-023  1.113203169413728E-023
  2.935263570797694E-004 -2.514395047646418E-019 -1.522055734551139E-023
 -3.308722450212111E-024  2.151596933004336E-024  9.023740614646847E-024
  7.902007731698354E-024 -4.723869513292351E-026  2.455692443516801E-025
  4.948133762586699E-025 -4.540029560017443E-025 -8.737144342681910E-025
  2.935233485897937E-004 -1.757990717299352E-023 -3.992209248054757E-024
 -1.779040641906303E-023  2.275489693689109E-023  4.860385142326830E-024
 -9.760660181129903E-025 -5.823221033330100E-025 -3.572053723285164E-025
  1.815098813842436E-024  2.379196238895752E-024   1.93180889346309     
 -8.558623341983798E-015 -5.270041334792741E-015 -4.150896773877388E-007
  1.739533102023911E-014  5.163337281657909E-002 -9.597016797506972E-018
 -5.108912394931584E-017  1.298096785061544E-006  3.026865021739541E-017
   1.89587676972847      -9.681940462333683E-015  1.262044427879324E-014
  6.696923440897190E-015 -9.624092900497671E-018 -1.102129209638147E-004
 -9.049044711177709E-018  1.307674461124618E-017  7.396052306782500E-018
   1.89587498383532       6.736027667553580E-015  1.970499856658702E-014
 -5.114795867738391E-017 -8.940632492403268E-018 -1.115316817599527E-004
  4.671795207085713E-017  2.684528677926631E-017   1.93180913311522     
 -2.510098876433647E-014  1.298096785062096E-006  1.304402093262328E-017
  4.676190145015774E-017  5.163187390352254E-002 -7.143597829703377E-017
   1.89587676972846       3.033642991087033E-017  7.450263240683527E-018
  2.695501110456430E-017 -7.127838671338798E-017 -1.102129209638197E-004
  3.762279793262999E-002 -2.162640393966517E-016 -1.224733379069441E-016
  8.351680922191144E-008  4.174988782021680E-016  4.684132401809850E-002
 -2.431277908185376E-016  3.183196267689068E-016  1.700382135393877E-016
  4.684116086588583E-002  1.612109577678994E-016  4.868492270360377E-016
  3.762274971417771E-002 -5.890223671779847E-016  4.684132401809821E-002
   1.19411191378515      -7.372134427106117E-002  6.252073620360593E-024
  0.000000000000000E+000  1.221215050747785E-024 -2.353468585322843E-024
  1.757758801675184E-024 -4.839041286416984E-025  2.946344871713783E-006
 -2.602085213965211E-018  2.384950378119574E-017  5.103219014180977E-006
 -6.556018042391306E-017  3.869359372161422E-007 -1.788933584601082E-018
  1.578588971994963E-017  6.701927024010796E-007 -4.004158452717304E-017
  1.798953884148042E-003 -4.961099634592937E-025 -1.757758801675184E-024
 -1.725070983146555E-024  1.264242819110881E-025 -1.050131637030211E-025
 -9.079213789304548E-027  5.230734275818943E-008 -1.626303258728257E-019
  1.461214725565550E-018  9.059897525467945E-008 -3.718409273568388E-018
 -1.215884394552185E-008  6.776263578034403E-020 -2.097480208699577E-019
 -2.105973547308640E-008  6.350384534527344E-019   1.30680311360496     
 -2.964442672339464E-015  6.025469084750126E-016 -3.723447837239909E-002
  4.224371207162044E-017 -8.647907842784227E-018  1.652500827702436E-023
  5.605819465573685E-024  1.766946448550917E-023 -6.574696825197285E-023
 -3.209662521957326E-024 -6.025643039609734E-023 -4.590061363770560E-024
 -6.355661455195396E-023  1.307666845814714E-022  4.324793406136757E-023
   1.30680311360496      -1.111840628586715E-015  4.224371207162044E-017
 -3.723447837239903E-002  1.585990551537994E-017  6.601002180391776E-023
  1.116693826946587E-023  2.787175706804370E-023 -8.423935086045049E-023
 -3.743230340929033E-023 -2.257992129363434E-023 -7.909914607538327E-024
 -1.085038694264369E-023  3.403566963447267E-023  8.395289231164454E-024
   1.30679970478160      -8.647906249789501E-018  1.585990521517701E-017
 -3.723466533666558E-002 -3.946372349006691E-023  7.133580071654289E-026
 -4.048046904529613E-023  6.114593436219207E-023  1.567534823252325E-023
  2.858095940442806E-023 -3.276572310169229E-024  4.084221205108000E-023
 -4.793334546951029E-023 -2.031992405782469E-023  2.935233485897938E-004
 -6.663585422047657E-019  1.361162118966753E-019 -3.470920055264331E-023
 -3.296148574692741E-024 -3.590999699790300E-023  7.734839698935462E-023
  2.186440732813449E-023 -1.873803431068330E-024  1.248648555992580E-025
 -1.872438310005654E-024  1.179471771843093E-024 -9.285214357178595E-025
  2.935233485897936E-004 -2.508041303440074E-019 -2.419596844131411E-023
 -6.617444900424221E-024 -1.077013367863211E-023  2.687600080877671E-023
  1.894607616723014E-023 -1.881458483257480E-024  7.754818242684634E-025
 -4.643965503060684E-024  3.241010811707966E-024  1.854929327933658E-024
  2.935263570797694E-004  2.370393627631860E-023 -2.692654844550827E-025
  2.666927169163653E-023 -4.097849331275228E-023 -1.463708753317562E-023
 -3.123330077473875E-024 -5.008036010673865E-025 -3.269603993887722E-024
  4.164246573963645E-024  2.692387943708943E-024   1.93180889346309     
 -8.558932566332764E-015 -5.269878611982567E-015  4.150896828891670E-007
  1.739608990364522E-014  5.163337281657908E-002 -9.602205653204861E-018
 -5.106883573172914E-017 -1.298096784937733E-006  3.032291567492514E-017
   1.89587498383532      -9.682048746702965E-015  1.262027492354360E-014
  6.696977562197888E-015 -9.627632358054128E-018 -1.115316817599220E-004
 -9.049072213122328E-018  1.310506838287966E-017  7.396073614992042E-018
   1.89587676972847       6.735959741723074E-015  1.970494433893946E-014
 -5.105990626701195E-017 -9.157496934917857E-018 -1.102129209638499E-004
  4.655196859532038E-017  2.668269827288475E-017   1.93180913311522     
 -2.510098872549664E-014 -1.298096784938156E-006  1.305389175235677E-017
  4.665350746686744E-017  5.163187390352255E-002 -7.144955930404942E-017
   1.89587676972846       3.033647805681928E-017  7.260548683681075E-018
  2.668399852191467E-017 -7.130552796863173E-017 -1.102129209638182E-004
  3.762279793262995E-002 -2.162641627502414E-016 -1.224326746258999E-016
 -8.351680912060078E-008  4.176208530869289E-016  4.684116086588590E-002
 -2.431007237049054E-016  3.183596731332086E-016  1.700788972958314E-016
  4.684132401809844E-002  1.611499609658697E-016  4.867814756075659E-016
  3.762274971417774E-002 -5.890088139095289E-016  4.684132401809822E-002
