   2.00216115110702       3.082951156022169E-002  3.479276819784229E-025
 -3.618915179919496E-025 -4.517048838286464E-026 -4.633483443955327E-025
 -6.591595506281939E-025 -8.726816557396151E-025 -3.128010142447302E-018
  2.710505431213761E-019 -1.170284039358363E-018  4.106305685938409E-018
  3.102417588647190E-018 -1.504766312811626E-019  2.541098841762901E-020
 -2.812713604408341E-020  7.672164679947312E-020  6.578236344975353E-020
  0.947767439001809      -1.145483674300433E-024  1.654361225106055E-024
 -6.015860838429095E-025 -1.640592238650215E-025  4.652890945610781E-025
  2.481968750034902E-025 -2.462778487646521E-016  1.767249541151372E-017
 -7.082594171266342E-017  2.113127704635179E-016  1.740859298576950E-016
  2.773777597670762E-017 -1.707618421664669E-018  8.481373600603890E-018
 -2.178680085127168E-017 -2.121957854545866E-017   2.02518619414640     
 -4.590494121240449E-015  8.812589775354125E-016 -2.285055681222358E-002
  2.586480632435885E-017 -4.308053131059722E-018  5.666722267158684E-024
  2.358814499988038E-025  2.042781106837432E-024  6.574934718924568E-025
 -1.707272686178711E-025 -1.724517764915265E-024 -1.982232990379007E-025
 -2.395210065784224E-024  2.322007743247567E-024  1.013676752066695E-024
   2.02518619414640      -1.695971768817193E-015  2.585464192899180E-017
 -2.285055681222354E-002  9.231469018104242E-018 -1.377771180196842E-023
  5.169878828456423E-025 -1.213100190044589E-023  1.324348589773861E-023
  9.040561181930262E-024  3.957890006718771E-024 -2.584939414228211E-026
  3.972226704127404E-024 -3.866240578692129E-024 -3.164175354851987E-024
   2.02518619414640      -4.311441272725810E-018  9.231469017123289E-018
 -2.285055681222354E-002  1.178305577330181E-023 -8.991992014828977E-026
  1.209462414333751E-023 -1.812292909742446E-023 -6.847780788151782E-024
 -3.625140973404667E-024 -5.863147208870971E-026 -3.718659028965769E-024
  6.088832565274903E-024  2.455372511808897E-024  1.749033145926981E-002
 -3.962739877648497E-017  8.770961182613794E-018  1.375670731166186E-023
  1.096118825098432E-025  9.145208426184295E-024 -1.222380062702792E-023
 -4.546647303272311E-024 -1.267525179196038E-024 -8.153278437451844E-026
 -1.520952550923643E-024  1.620012796908375E-024  6.503357654573612E-025
  1.749033145926979E-002 -1.530778086952707E-017 -1.392486842489558E-023
 -2.067951531382569E-025 -1.351829408699889E-023  1.321351252956319E-023
  9.120233786551590E-024  2.614164958337104E-024  2.584939414228211E-026
  3.116120063510858E-024 -2.739152021924409E-024 -2.068422666313909E-024
  1.749033145926980E-002  1.866911999219726E-023 -9.819676671129642E-025
  1.736389496833796E-023 -2.627382087005663E-023 -1.081106313567926E-023
 -3.306463586129359E-024 -2.731199888736005E-026 -3.379063540194070E-024
  5.306087559550396E-024  1.887169233717828E-024   1.21521919278315     
 -5.861737310106802E-015 -3.389105461837752E-015  1.128696206716303E-015
  1.190683587952340E-014 -0.133081644678585       3.836314007525037E-016
  2.072323889859377E-016 -7.467975684420213E-017 -7.642475526019723E-016
   1.31882547998928      -6.684253917401312E-015  8.790847438185323E-015
  4.631739001791856E-015  3.836224676930266E-016 -0.171330390305309     
  4.346421676866933E-016 -5.675233718587667E-016 -3.004630589267725E-016
   1.31882547998928       4.184295907245509E-015  1.355345921398337E-014
  2.074321200369116E-016  4.345744122067465E-016 -0.171330390305308     
 -2.754546556653780E-016 -8.784963063301572E-016   1.21521919278315     
 -1.675466655298503E-014 -7.571044083581424E-017 -5.675209125409457E-016
 -2.754909151536537E-016 -0.133081644678585       1.075174531074711E-015
   1.31882547998927      -7.644107101323926E-016 -3.004630583669460E-016
 -8.784830225815421E-016  1.075267043455018E-015 -0.171330390305308     
  5.175395471276151E-003 -2.861893502217226E-017 -1.537006263046410E-017
  6.595250335611734E-018  5.709983569640543E-017  6.413392576158039E-003
 -3.244145122624694E-017  4.217472235382024E-017  2.241667438669250E-017
  6.413392576158028E-003  2.043250290712473E-017  6.502962965114681E-017
  5.175395471276142E-003 -8.079513616801481E-017  6.413392576157997E-003
   2.00216332836605       3.081386809429254E-002  1.062327744687518E-025
 -1.098599251046990E-025  1.122084487166859E-026 -1.426988881042953E-025
  1.357093192469811E-025 -2.728888645679521E-026 -3.930999997126157E-018
  2.574980159653073E-019 -1.136383809580272E-018  3.394801504487169E-018
  3.119352433017476E-018 -1.163795232682539E-019  2.202285662861181E-020
 -3.321637493044850E-020  5.617572198065879E-020  6.917192990149409E-020
  0.947775922551151       5.863919063610384E-026  4.200526548120844E-026
  9.282127238965001E-026  8.807593596522500E-025  8.271806125530277E-025
  7.939733370242108E-025 -2.432421598897027E-016  1.767249541151372E-017
 -6.995894205925538E-017  2.016634740724103E-016  1.732186726259683E-016
  3.088196563632783E-017 -1.721170948820738E-018  8.522051722335855E-018
 -2.688255554116987E-017 -2.127379587189943E-017   2.02518616552552     
 -4.590494226303210E-015  8.812589775714291E-016 -2.285118074375646E-002
  2.586143040864179E-017 -4.306361126151517E-018 -1.938013335536147E-024
  8.053691805447855E-027 -7.727562168421198E-025 -5.853866659640794E-024
 -1.510839130354868E-024 -1.254536196028677E-024  3.904881335529308E-026
 -8.359418751693925E-025  1.245139044831411E-024  5.495295157646830E-025
   2.02518616552552      -1.695985320734018E-015  2.586143040864179E-017
 -2.285118074375642E-002  9.231477692830970E-018  1.279107721776856E-023
  0.000000000000000E+000  1.088904778098847E-023 -1.153161574195713E-023
 -7.649572843810332E-024 -2.076781478938298E-025  4.652890945610781E-025
 -7.055874947622801E-025  1.172141417760028E-024  5.766522527574473E-025
   2.02518616552552      -4.306361039349817E-018  9.231477707504271E-018
 -2.285118074375643E-002 -9.349950607755754E-024  2.346358430211399E-025
 -8.988959698981381E-024  1.557864035441240E-023  5.038356030735037E-024
 -7.709149965542718E-025 -1.762775326061801E-025 -8.968469972690308E-025
  1.250580437521720E-024  1.274088466579142E-024  1.749038298957496E-002
 -3.963417955106906E-017  8.772656795101614E-018  4.479313388808833E-024
 -1.601145796316633E-024  9.084671772272453E-024 -2.286556447153986E-023
 -9.466535589499835E-024 -4.251687598466264E-025  1.288782609424661E-026
  5.233616945332876E-025 -1.905510256782236E-024 -4.017301471525643E-025
  1.749038298957494E-002 -1.530778437327387E-017  2.402674799757380E-023
  8.271806125530277E-025  2.284329823080290E-023 -2.648666072088850E-023
 -1.672985924314817E-023  2.266031897201680E-024  1.292469707114106E-025
  2.086548713138776E-024 -2.291130478416104E-024 -1.399146113224727E-024
  1.749038298957492E-002 -1.759475022382385E-023  3.158316882662650E-026
 -1.396946960185829E-023  2.622072745957658E-023  6.288953146513199E-024
 -8.805578783047529E-025 -4.216001012821624E-026 -6.798434139060543E-025
  1.466332745390796E-024  8.433844027134732E-025   1.21521327810467     
 -5.861525792156707E-015 -3.388888641571906E-015  1.152982472388113E-015
  1.190705246943851E-014 -0.133084403424581       3.835836303227192E-016
  2.072527365652284E-016 -7.619764616522907E-017 -7.641256748817749E-016
   1.31881947312297      -6.686854916356155E-015  8.791315171069274E-015
  4.634774082717643E-015  3.836272204404047E-016 -0.171331422495704     
  4.346422428439589E-016 -5.675772885447529E-016 -3.004614038507025E-016
   1.31881947312297       4.184079037874765E-015  1.355345906489209E-014
  2.074051032268109E-016  4.345744787978109E-016 -0.171331422495704     
 -2.754343472563181E-016 -8.784828399275964E-016   1.21521327810467     
 -1.675450374651277E-014 -7.636095813960904E-017 -5.675667117740011E-016
 -2.755857845722793E-016 -0.133084403424581       1.075181370715563E-015
   1.31881947312296      -7.644108016173050E-016 -3.004647910843557E-016
 -8.784966629136433E-016  1.075273873384098E-015 -0.171331422495703     
  5.175556582593819E-003 -2.861179664330059E-017 -1.537430361754293E-017
  6.920511301192918E-018  5.707951800041953E-017  6.413500280430140E-003
 -3.244019617177613E-017  4.217673772227621E-017  2.241625958675769E-017
  6.413500280430130E-003  2.044182336090459E-017  6.502964488147478E-017
  5.175556582593823E-003 -8.079768491585115E-017  6.413500280430099E-003
