   1.00022664857220       2.099425579534287E-002 -2.465946793363912E-027
 -1.575197455545316E-026 -1.981147753513729E-026  5.594084920274430E-026
 -5.492996255234949E-026  1.282054450255644E-026 -3.295873441350030E-018
  1.905824131322176E-019 -7.482275147220980E-019  2.299503098924404E-018
  1.832612403943992E-018  1.254448889340466E-019 -2.625802136488331E-020
  4.135049726271484E-020 -1.319844589628674E-019 -9.483224594538200E-020
  0.516630972143565      -1.040187365960715E-025  2.326445472805390E-025
  4.790272227114374E-026 -1.021919527084517E-025  1.033975765691285E-025
  1.245541922483026E-026 -9.089829517079750E-017  4.987329993433320E-018
 -2.390220256882915E-017  7.567027066810952E-017  6.544876673567042E-017
  1.280192708055512E-017 -6.911788849595091E-019  4.066832821593673E-018
 -1.080796856130304E-017 -1.011670632606498E-017   1.01361642375812     
 -2.297598098441547E-015  4.410330384044171E-016 -8.832349470180896E-003
  1.002661437097448E-017 -1.515013853915150E-018 -1.054441589995625E-024
  4.991627937034931E-026 -6.837071994139025E-025  8.435834833339203E-026
  2.084124746693705E-025  1.014908044375538E-025  1.101574756125243E-026
  8.213613623226944E-026 -3.364332547921844E-026 -3.051516520445418E-026
   1.01361642375812      -8.488645764904939E-016  1.002661437097448E-017
 -8.832349470180884E-003  3.487149331437767E-018  3.478452503567941E-024
 -1.550963648536927E-025  3.337328271307859E-024 -3.336850499595723E-024
 -2.461402663104530E-024 -3.152832617337550E-025  0.000000000000000E+000
 -3.550078626857486E-025  3.511767000766056E-025  2.550056499844707E-025
   1.01361642375812      -1.515013852878039E-018  3.487149331613052E-018
 -8.832349470180880E-003 -3.352205196796633E-024  5.364758813855311E-026
 -3.451714601491679E-024  5.290180271492964E-024  1.834843289240724E-024
  3.285362667666391E-025  3.548354323428604E-027  3.556524570225164E-025
 -5.186945920155937E-025 -2.026712535301836E-025  9.676457642642015E-003
 -2.193629597581114E-017  4.798156966995659E-018 -1.012401285670133E-024
 -3.256951011507102E-026 -1.863822159718374E-025 -1.740921347519713E-024
 -6.175002130161283E-025 -7.466611849642515E-026 -2.879885328624778E-026
  7.582821641347356E-028 -2.750255428784397E-025 -7.429015118216413E-026
  9.676457642642008E-003 -8.442803858097686E-018  6.737388026588956E-024
 -2.067951531382569E-025  6.298661201157453E-024 -6.583498612576750E-024
 -4.777740300487457E-024  6.039037703167683E-025  1.292469707114106E-026
  5.649601403458533E-025 -5.798306219110022E-025 -4.376535947582028E-025
  9.676457642642012E-003 -5.537530853574116E-024  1.227420318909474E-025
 -5.524558541987625E-024  8.878978401118696E-024  3.146495563113909E-024
 -5.463451228394423E-025  1.035381568725059E-026 -4.649215983138094E-025
  8.242914058660226E-025  2.762153456555253E-025  0.930310834468738     
 -3.815965902670646E-015 -2.396744042740508E-015  1.231879267094569E-015
  7.816448238885536E-015 -7.026718536958114E-002  1.965954221011247E-016
  1.053195441785752E-016 -3.910519312572139E-017 -3.921091777443738E-016
  0.849612355516107      -4.334473696119891E-015  5.659933859871808E-015
  2.999422973235062E-015  1.966013826612212E-016 -8.798594417869726E-002
  2.225964540603061E-016 -2.898945548569708E-016 -1.538025445955292E-016
  0.849612355516106       2.974097677966048E-015  8.814304078574093E-015
  1.057053535650333E-016  2.225998422838454E-016 -8.798594417869712E-002
 -1.418748188334676E-016 -4.494817864131612E-016  0.930310834468737     
 -1.128858075060408E-014 -4.016700322730858E-017 -2.898421561187917E-016
 -1.416559733500537E-016 -7.026718536958113E-002  5.547062166940281E-016
  0.849612355516102      -3.924194576126646E-016 -1.537894156342500E-016
 -4.494866996096685E-016  5.549093015190902E-016 -8.798594417869669E-002
  2.479245278702811E-003 -1.367040321194369E-017 -7.187203723426334E-018
  3.250932836376828E-018  2.728586376116797E-017  3.075967078199922E-003
 -1.551514320673924E-017  2.014408504958725E-017  1.072353966158364E-017
  3.075967078199918E-003  9.613203145567946E-018  3.100704456497499E-017
  2.479245278702808E-003 -3.862685400159671E-017  3.075967078199903E-003
   1.00022661427714       2.099389428731829E-002  6.191006172456147E-027
  8.279884061199740E-027  1.482537780005925E-026  3.727234136784883E-027
  1.857925203976527E-026  1.188525967980166E-026 -3.028204246835649E-018
  1.871942813432004E-019 -7.473809498647305E-019  1.947128348623918E-018
  1.832608671922319E-018  1.378314182706093E-019 -2.625802136488331E-020
  4.134590927669798E-020 -1.310827164337012E-019 -9.483141214431605E-020
  0.516652617631300      -9.012874874762356E-026 -8.724170523020214E-026
 -1.455209188647658E-025  2.539793844565861E-026  4.038967834731580E-026
  6.642036874080203E-026 -8.580244376334358E-017  4.987329993433320E-018
 -2.390207059882026E-017  7.634776209688357E-017  6.566561169463690E-017
  1.155509061108437E-017 -6.911788849595091E-019  4.066818957261063E-018
 -1.221742609071764E-017 -1.011669622691300E-017   1.01361648885902     
 -2.297591323848635E-015  4.410211807890519E-016 -8.832002259536485E-003
  1.002660795901332E-017 -1.508225387978393E-018 -9.936672104398433E-025
  8.191012045665752E-026 -1.233276427467363E-024  1.642730285316100E-024
  7.700941855581215E-025 -5.237004299744416E-025  4.125865270803853E-026
 -9.301508419766116E-025  1.636218940582066E-024  7.200396761971756E-025
   1.01361648885902      -8.488645777578767E-016  1.002660795901332E-017
 -8.832002259536481E-003  3.500697167228955E-018  9.852923474387895E-025
  3.877409121342317E-026  1.081324429416998E-024 -8.107370022331465E-025
 -8.530221643466981E-025 -8.033221858058653E-025  3.069615554396001E-026
 -6.605613638752281E-025  1.019397459456590E-024  4.489824013006693E-025
   1.01361648885902      -1.515001646272977E-018  3.487144640617181E-018
 -8.832002259536483E-003 -1.598487166479161E-024  4.339952564180070E-026
 -1.804375007164107E-024  2.601199429418562E-024  1.092181299443113E-024
  7.480053488982218E-026 -1.739822013437215E-026 -5.241039305130797E-026
 -1.070545393071816E-025  1.175353020682831E-025  9.676509076043354E-003
 -2.192951971354549E-017  4.798158697049772E-018 -1.200002639394194E-024
  2.364313593919087E-026 -1.703578427668978E-024  2.049190566219193E-024
  9.595382744918136E-025 -2.053058787461116E-025  8.658852896562776E-027
 -3.746764512540032E-025  7.592727403021240E-025  3.182125897490015E-025
  9.676509076043342E-003 -8.442804019584953E-018  1.161647613551499E-024
  1.550963648536927E-025  1.268974601241889E-024 -8.105401645463989E-025
 -1.093956774524506E-024 -4.034247289568208E-025  1.454028420503369E-026
 -3.250286347570182E-025  4.528120495574158E-025  2.473314848180424E-025
  9.676509076043343E-003 -2.209718348758927E-024  2.904899553340225E-026
 -2.448949057443273E-024  3.676967137514065E-024  1.525150418072808E-024
  9.490259985393788E-026  6.882825412641699E-028  2.859777739030528E-026
 -1.398369547185065E-025  2.375721910549449E-026  0.930328246372477     
 -3.816070419287971E-015 -2.396961219170921E-015  1.242287775841189E-015
  7.816719456777865E-015 -7.026524566904876E-002  1.966043476911405E-016
  1.053089378487680E-016 -4.149043200125758E-017 -3.920956026134577E-016
  0.849622884252150      -4.334909462524181E-015  5.660602034563820E-015
  2.999532686252592E-015  1.966244953422451E-016 -8.798531842105692E-002
  2.225964419824857E-016 -2.898891560658758E-016 -1.537965989463229E-016
  0.849622884252149       2.974762277023126E-015  8.814305924842593E-015
  1.057188784515813E-016  2.225964422629326E-016 -8.798531842105681E-002
 -1.418701513287119E-016 -4.494833994544812E-016  0.930328246372477     
 -1.128868934068776E-014 -4.114278607074425E-017 -2.898357913099881E-016
 -1.416623210893846E-016 -7.026524566904875E-002  5.547028215671864E-016
  0.849622884252144      -3.924465399224404E-016 -1.537838938689502E-016
 -4.494866179062612E-016  5.549075992805778E-016 -8.798531842105639E-002
  2.479209576625845E-003 -1.367281645333786E-017 -7.186354709935951E-018
  3.142512035980115E-018  2.728416799089317E-017  3.075914836090246E-003
 -1.551037411048530E-017  2.014187964352157E-017  1.072523037506808E-017
  3.075914836090243E-003  9.612142866826884E-018  3.100787950826650E-017
  2.479209576625844E-003 -3.862664148835923E-017  3.075914836090227E-003
   1.00351855393708       2.210436490510211E-004  1.208439252022833E-026
  1.615587133892632E-026  3.723287803428877E-026 -6.500020327324341E-026
  1.098599251046990E-025  4.799604867487364E-026 -2.080124086590683E-018
  2.079465885509307E-019 -8.191124440029303E-019  2.365793590175840E-018
  2.016263267247288E-018  4.464275173266953E-019 -3.811648262644352E-020
  1.134421485658375E-019 -3.255978682263081E-019 -2.608902586574105E-019
  0.509524765740191       7.436441057196824E-026 -4.265150033476549E-025
 -1.808638634905186E-025 -2.177876463455952E-026  2.908056841006738E-026
 -1.297913988011891E-026 -1.055882109010950E-016  6.613633252161577E-018
 -3.477320412019331E-017  8.852573648765873E-017  8.706128329042805E-017
  2.128516533322226E-017 -9.147955830346444E-019  5.326728696318346E-018
 -1.518909401238937E-017 -1.312669384773079E-017   1.01293910514793     
 -2.296039406930402E-015  4.407970340485963E-016 -1.330512922187430E-002
  1.510364126245921E-017 -2.360195060057099E-018  4.708101409614729E-026
  9.233335701945806E-027  1.226100309603751E-025 -3.803130328148997E-025
 -1.259603353898553E-025  9.398053887252466E-026 -4.161880485290228E-026
 -1.605809780373623E-026  1.880012234127234E-025  3.564784259522995E-026
   1.01293910514793      -8.483094615490963E-016  1.510025313067019E-017
 -1.330512922187429E-002  5.267471403598002E-018  3.924375660214114E-025
  7.270142102516845E-027  2.959280027181213E-025 -3.568446132376074E-025
 -2.174765147003591E-025  1.324316485654172E-025 -5.492996255234949E-026
  3.511639748148704E-025 -2.595090042937113E-025 -1.905402495877270E-025
   1.01293910514793      -2.360618593742083E-018  5.274247666582820E-018
 -1.330512922187429E-002 -1.404500539016187E-025  2.113831666001364E-027
 -1.415543665824600E-025  3.104842188132022E-025  1.084056311959193E-025
 -3.213965945926226E-025  1.113964449463599E-026 -3.191393474130849E-025
  4.209027153553653E-025  1.208952681104900E-025  1.097646882988125E-002
 -2.486039786508083E-017  5.502407149673232E-018 -5.666391978707899E-025
 -1.511370745123774E-026 -7.809888306440514E-025  1.452097998735826E-024
  6.211389295227659E-025  1.819132983335705E-025 -1.610851070445362E-026
  2.286516859513730E-025 -4.637509130545889E-025 -1.691225210726881E-025
  1.097646882988125E-002 -9.609003770872666E-018  2.108909121795271E-026
  1.938704560671159E-026  3.481564912665786E-025  3.435058088657817E-026
 -2.114997451897795E-025  1.686858859947252E-025 -6.462348535570529E-027
  1.437988431950455E-025 -2.208755468249020E-025 -9.207461718301819E-026
  1.097646882988125E-002 -9.681002172001291E-025  5.159672478122204E-026
 -9.926562453493584E-025  1.341172936236698E-024  5.555405292328698E-025
  6.897976827278936E-026  1.649276953003062E-026  8.650108778522544E-026
 -9.768021430164923E-026 -6.069852440543543E-026  0.242957110811961     
 -2.274001016020997E-015 -1.082294526588951E-015  2.509556611895993E-016
  4.388965508157714E-015 -5.986799366886602E-002  1.992519070876310E-016
  1.021825894774201E-016 -3.605998602855980E-017 -3.934938519443200E-016
  0.501753063365003      -2.542243961726618E-015  3.311507635167725E-015
  1.753742119143512E-015  1.992382525975397E-016 -8.885411707525888E-002
  2.246807123054487E-016 -2.925917787203627E-016 -1.550274060354409E-016
  0.501753063365002       1.637081143835370E-015  5.193482662437304E-015
  1.021177026306265E-016  2.246739352787238E-016 -8.885411707525881E-002
 -1.431789322562981E-016 -4.556118652156142E-016  0.242957110811961     
 -6.100617073324082E-015 -3.412769395530906E-017 -2.926591544714920E-016
 -1.431177687812409E-016 -5.986799366886600E-002  5.522634858790190E-016
  0.501753063365000      -3.935383499533647E-016 -1.550248648219351E-016
 -4.556048324758150E-016  5.523277970263027E-016 -8.885411707525834E-002
  3.793811041025282E-003 -1.863010165441958E-017 -1.037871511693727E-017
  4.787254355027423E-018  3.778190456097800E-017  4.206079732713613E-003
 -2.122045491593390E-017  2.761777396667770E-017  1.465653896076846E-017
  4.206079732713606E-003  1.333319518481766E-017  4.258233052695732E-017
  3.793811041025282E-003 -5.366793819977559E-017  4.206079732713583E-003
   1.00351961649275       2.141794194205397E-004 -4.445193894564598E-026
  3.101927297073854E-025  1.255014589629531E-025 -4.226569338315115E-026
 -2.132575016738274E-025 -9.527427257824848E-026 -2.080115939799509E-018
  2.070995556036764E-019 -8.199646718968587E-019  2.399664045677781E-018
  2.016253963318031E-018  4.210082711995046E-019 -3.811648262644352E-020
  1.142802652647686E-019 -3.628563076260817E-019 -2.609378968752994E-019
  0.509517172219687      -1.095732673652931E-025 -1.292469707114106E-024
 -7.316212648346204E-025  1.263918470546940E-025 -3.877409121342317E-025
 -2.607522757671424E-025 -1.114429734538571E-016  6.613633252161577E-018
 -3.477330663844861E-017  9.329632047504868E-017  8.695296964637237E-017
  1.683994358457662E-017 -9.147955830346444E-019  5.358911514861518E-018
 -1.518910355711594E-017 -1.311315488450134E-017   1.01293904730139     
 -2.296039405597039E-015  4.407970338676569E-016 -1.330489446772051E-002
  1.510702258021960E-017 -2.360193807021898E-018  1.015174407532305E-025
 -1.642643004950121E-026  1.491046517872493E-025 -2.515203742750868E-025
 -1.493492378852430E-025  9.004054837581368E-026  2.032645446238657E-026
  2.433927467672448E-025 -5.532746240451185E-025 -2.261301109519401E-025
   1.01293904730139      -8.483094605313248E-016  1.510363444843058E-017
 -1.330489446772051E-002  5.267466472672805E-018 -1.337381639186931E-025
 -6.462348535570529E-027 -1.999905341030587E-025  1.124150600548871E-025
  1.219805764511929E-025 -4.165429137793201E-026  2.584939414228211E-026
 -4.241052891547185E-025  1.314716504635297E-025  2.003231368841342E-025
   1.01293904730139      -2.366970057378508E-018  5.267466476274843E-018
 -1.330489446772051E-002  3.080457123232687E-025  1.991605210445099E-026
  3.349125990823962E-025 -4.861519973423649E-025 -2.174592314077207E-025
  4.950217007825297E-025  1.259910405470134E-025  5.469849504604514E-025
 -7.732794859793908E-025 -2.134105466221475E-025  1.097642440181761E-002
 -2.486039840655046E-017  5.502407625721561E-018  4.597083832477120E-025
  1.186166588718853E-025  1.181992051852693E-024 -1.376866011997260E-024
 -9.272339367743533E-025 -1.945300376997296E-026  6.862070297969097E-027
 -1.135768003218749E-025  9.169410505077222E-027  6.558384524339050E-026
  1.097642440181760E-002 -9.609004164774084E-018 -8.512198784347150E-025
 -1.163222736402695E-025 -7.392690857987096E-025  1.032100790388456E-024
  7.422968811891403E-025 -5.497475400717114E-026  2.423380700838948E-026
 -5.641337831950962E-026  1.541968319327061E-025  6.090540242386276E-026
  1.097642440181760E-002  4.794084079479874E-025  9.649185007463563E-027
  8.823982134197902E-025 -1.225001692194061E-024 -7.297139199449896E-025
  7.447880912690553E-026 -6.127963279246849E-026  1.791560364065615E-026
 -1.434640215424550E-026  6.546253026051817E-026  0.242949296697733     
 -2.274221294871907E-015 -1.082267527886278E-015  2.622313490596317E-016
  4.388914318998470E-015 -5.986668171925599E-002  1.992342193880914E-016
  1.021791977373954E-016 -3.595156176964684E-017 -3.934734879984371E-016
  0.501740188702990      -2.542147715576934E-015  3.311504480457418E-015
  1.753700532303639E-015  1.992274784864845E-016 -8.885264810676992E-002
  2.246806228838613E-016 -2.926272888640862E-016 -1.550129492475109E-016
  0.501740188702989       1.637074537242370E-015  5.193263831353055E-015
  1.021160407775485E-016  2.246806223334850E-016 -8.885264810676972E-002
 -1.431721563728100E-016 -4.556041356997421E-016  0.242949296697733     
 -6.100462708844690E-015 -3.456137930744720E-017 -2.926426493237180E-016
 -1.431855367842280E-016 -5.986668171925601E-002  5.522465233209078E-016
  0.501740188702987      -3.935450935573858E-016 -1.550248069510429E-016
 -4.556013425139392E-016  5.523142218748676E-016 -8.885264810676931E-002
  3.793772695435329E-003 -1.862841313897189E-017 -1.037702330488964E-017
  4.705938653194173E-018  3.777512551875510E-017  4.206041500332379E-003
 -2.122298972468243E-017  2.761875575210770E-017  1.465484112263723E-017
  4.206041500332375E-003  1.333531234438923E-017  4.258402157376781E-017
  3.793772695435327E-003 -5.366708925553660E-017  4.206041500332354E-003
